95965	Vee Oil Rig	TMD144838	D.Jones	144838	ANTHONY ROYSTER	4018655	2520	
ZHDATA4	ZHDATA1	Time Into Sequence	StepNo	LoopNo	LogNo	Type	GS	LTLOP2O	LTLOP1O	LTLOC1I	LTLOC2I	LTLOC1O	LTLOC2O	LTSUMP	LPLOP2I	LPLOP1O	LPLOP2O	LPLOC1I	LPLOC2I	LPLOC1O	LPLOC2O	LPLOP_I	LVPRV1	LVPRV2	LVLRAL	LVRRAL	LVALOC	GHENI	ZHBHRS	VPSET1	VPSET2	VPSET3	VPSET4	GSREF@	VPSET5	VPSET6	VPSET7	LNLOP	
-	-	-	-	-	-	-	rpm	°C	°C	°C	°C	°C	°C	°C	kPa	kPa	kPa	kPa	kPa	kPa	kPa	kPa	L/min	L/min	L/min	L/min	L/min	kW	h	"%"	"%"	"%"	"%"	rpm	"%"	"%"	"%"	No	
6	7	0	1	1	2	nan	2523	24.7	25.4	25.3	25.8	25.1	26.1	26.1	0	459.6	368.6	342.8	288.2	246.1	178.1	-5.1	0.1	0.5	245.7	219.9	-150.15	7.76	327	15	0	10	10	2480	0	44	44	8	
6	7	0	1	1	3	nan	2522	26.9	28.1	27.7	27.9	27.3	28.2	28.8	0.1	506.1	413.7	394.7	336	298.7	226	-4.9	0.1	0.5	242.5	221.3	-150.14	8.04	327	15	0	10	10	2480	0	53	53	8	
6	7	0	1	1	4	nan	2521	28.3	29.4	29.2	29.4	29.1	29.9	29.6	0.1	547.3	457	435.8	377.1	346	267.3	-4.9	0.1	0.5	240.7	221.9	-150.15	8.28	328	15	0	10	10	2480	0	55	55	8	
6	8	0	1	1	5	nan	2522	29.8	30.7	30.3	30.8	30.1	31.2	31.2	0.1	595.6	508.3	492.2	427.4	402	319.5	-4.9	0.1	0.5	237.4	222.2	-150.15	8.62	328	15	0	10	10	2482	0	57	57	8	
6	8	0	1	1	6	nan	2517	30.4	31.3	31.3	31.4	30.6	31.5	32.2	0.1	675	588.1	574.2	514	494.9	413.6	-5.4	0.1	0.5	226.6	214.2	-150.16	10.41	328	15	0	10	10	2485.6	0	60.3	60.3	8	
6	10	0	1	1	7	nan	2520	27.7	28.5	28.1	28.8	27.9	29.3	30.1	0.1	692	618.1	600.1	543.1	516.1	444.5	-5.5	0.1	0.5	224.2	212.5	-150.15	12.03	328	15	0	10	10	2492	0	61	61.2	8	
6	10	0	1	1	8	nan	2524	29.7	30.7	30.1	30.9	30.3	31	31.9	0.1	667	657.8	637.2	571.7	500	398.9	-4.6	0.1	4.2	186.6	182.7	-150.17	11.98	328	15	0	10	10	2496	0	64.3	64.3	8	
7	9	0	1	1	9	nan	2119	22.2	23.4	21.5	23.4	23.2	23.6	25.1	0.1	252.6	186.4	136.2	122.8	51.7	35.9	-3.9	0.2	0.5	233.6	191.7	-150.16	4.78	328	0	0	10	10	2080	0	0	0	8	
7	9	0	1	1	10	nan	2120	22.2	23.4	21.5	23.4	23.2	23.6	25.1	0.1	252.6	186.4	136.2	122.8	51.7	35.9	-3.9	0.2	0.5	233.6	191.7	-150.16	4.78	328	0	0	10	10	2080	0	0	0	8	
7	9	0	1	1	11	nan	2119	22.2	23.4	21.5	23.4	23.2	23.6	25.1	0.1	252.6	186.4	136.2	122.8	51.7	35.9	-3.9	0.2	0.5	233.6	191.7	-150.16	4.78	328	0	0	10	10	2080	0	0	0	8	
7	9	0	1	1	12	nan	2120	22.2	23.4	21.5	23.4	23.2	23.6	25.1	0.1	256.9	185.1	134.4	123.1	52.9	37	-2.6	0.2	0.5	233.5	191.6	-150.16	4.78	328	0	0	10	10	2080	0	0	0	8	
7	9	0	1	1	13	nan	2119	22.8	22.4	22.5	22.8	23.2	25.2	25	0.1	256.9	185.1	134.4	123.1	52.9	37	-2.6	0.2	0.5	233.5	191.6	-150.16	4.77	328	0	0	10	10	2080	0	0	0	8	
7	9	0	1	1	14	nan	2120	22.8	22.4	22.5	22.8	23.2	25.2	25	0.1	261.4	186.3	134.1	127.9	51.7	37.4	-3.9	0.2	0.5	233.4	191.7	-150.16	4.77	328	0	0	10	10	2080	0	0	0	8	
7	9	0	1	1	15	nan	2120	22.8	22.4	22.5	22.8	23.2	25.2	25	0.1	261.4	186.3	134.1	127.9	51.7	37.4	-3.9	0.2	0.5	233.4	191.7	-150.24	4.76	328	0	0	10	10	2080	0	0	0	8	
7	9	0	1	1	16	nan	2119	22.7	22.4	22.7	23.9	23.3	23.9	23.6	0.1	252.4	185.8	136.4	125.7	51.6	36.2	-4.2	0.2	0.5	233.3	192	-150.24	4.76	328	0	0	10	10	2080	0	0	0	8	
7	9	0	1	1	17	nan	2119	22.7	22.4	22.7	23.9	23.3	23.9	23.6	0.1	252.4	185.8	136.4	125.7	51.6	36.2	-4.2	0.2	0.5	233.3	192	-150.24	4.76	328	0	0	10	10	2080	0	0	48	8	
7	9	0	1	1	18	nan	2120	22.3	23.3	22.7	24	23.1	23.9	23.6	0.1	252.4	185.8	136.4	125.7	51.6	36.2	-4.2	0.2	0.5	233.3	192	-150.24	4.74	328	0	0	10	10	2080	0	48	48	8	
7	9	0	1	1	19	nan	2118	22.3	23.3	22.7	24	23.1	23.9	24.4	0.1	256.5	190.9	131.6	121.8	52.4	36.3	-4.9	0.1	0.5	233.3	192	-150.24	4.74	328	0	0	10	10	2080	0	48	48	8	
7	9	0	1	1	20	nan	2120	22.3	23.3	22.7	24	23.1	23.9	24.4	0.1	256.5	190.9	131.6	121.8	52.4	36.3	-4.9	0.1	0.5	233.3	192	-150.16	4.76	328	0	0	10	10	2080	0	48	48	8	
7	9	0	1	1	21	nan	2118	22.3	23.3	22.7	24	23.1	23.9	24.4	0.1	267	195.5	141.7	130.9	60.8	47.6	-4.9	0.1	0.5	233.4	191.5	-150.16	4.76	328	0	0	10	10	2080	0	48	48	8	
7	9	0	1	1	22	nan	2116	22.3	23.3	22.7	24	23.1	23.9	24.4	0.1	267	195.5	141.7	130.9	60.8	47.6	-4.9	0.1	0.5	233.4	191.5	-150.16	4.92	328	0	0	10	10	2080	0	48	48	8	
7	9	0	1	1	23	nan	2117	22.3	23.3	22.7	24	23.1	23.9	24.4	0.1	363.5	294.9	264.1	223.3	178.8	124.1	-3.9	0.2	0.5	233.3	191.2	-150.16	4.92	328	0	0	10	10	2080	0	48	48	8	
7	9	0	1	1	24	nan	2117	22.5	22.8	23.6	23.7	24.4	23.2	24.5	0.1	363.5	294.9	264.1	223.3	178.8	124.1	-3.9	0.2	0.5	233.3	191.2	-150.16	4.92	328	0	0	10	10	2080	0	48	48	8	
7	9	0	1	1	25	nan	2115	22.5	22.8	23.6	23.7	24.4	23.2	24.5	0.1	363.5	294.9	264.1	223.3	178.8	124.1	-3.9	0.2	0.5	233.3	191.2	-150.16	5.46	328	0	0	10	10	2080	0	48	48	8	
7	9	0	1	1	26	nan	2117	22.5	22.8	23.6	23.7	24.4	23.2	24.5	0.1	356.2	287.2	264.7	226.6	177.4	130.1	-4.5	0.2	0.5	224.5	199	-150.16	5.46	328	0	0	10	10	2080	0	48	48	8	
7	9	0	1	1	27	nan	2117	22.6	22.4	23.5	23.5	22.8	23.3	24.8	0.1	356.2	287.2	264.7	226.6	177.4	130.1	-4.5	0.2	0.5	224.5	199	-150.16	5.46	328	0	0	10	10	2080	0	48	48	8	
7	9	0	1	1	28	nan	2118	22.6	22.4	23.5	23.5	22.8	23.3	24.8	0.1	362.8	297.5	260.2	229.6	180.7	130.3	-4.5	0.2	0.5	224.3	199.1	-150.16	5.46	328	0	0	10	10	2080	0	48	48	8	
7	9	0	1	1	29	nan	2117	22.6	22.4	23.5	23.5	22.8	23.3	24.8	0.1	362.8	297.5	260.2	229.6	180.7	130.3	-4.5	0.2	0.5	224.3	199.1	-150.16	5.45	328	0	0	10	10	2080	0	48	48	8	
7	9	0	1	1	30	nan	2116	22.6	23.6	22.2	23.8	22.7	25.3	24.7	0.1	357.9	288.1	264.9	224.9	176.4	130.7	-3.8	0.1	0.5	224.2	199.2	-150.16	5.45	328	0	0	10	10	2080	0	48	48	8	
7	9	0	1	1	31	nan	2116	22.6	23.6	22.2	23.8	22.7	25.3	24.7	0.1	357.9	288.1	264.9	224.9	176.4	130.7	-3.8	0.1	0.5	224.2	199.2	-150.16	5.45	328	0	0	10	10	2080	0	48	48	8	
7	9	0	1	1	32	nan	2117	22.6	23.6	22.2	23.8	22.7	25.3	24.7	0.1	357.9	288.1	264.9	224.9	176.4	130.7	-3.8	0.1	0.5	224.2	199.2	-150.16	5.45	328	0	0	10	10	2080	0	48	48	8	
7	9	0	1	1	33	nan	2119	22.4	23.7	22.8	23.6	22.1	25.3	24.7	0.1	364.7	294.8	265.7	225.3	180.2	130.7	-3.9	0.2	0.5	224.3	199.1	-150.16	5.45	328	0	0	10	10	2084	0	48	48	8	
7	9	0	1	1	34	nan	2119	22.4	23.7	22.8	23.6	22.1	25.3	24.7	0.1	364.7	294.8	265.7	225.3	180.2	130.7	-3.9	0.2	0.5	224.3	199.1	-150.16	5.45	328	0	0	10	10	2084	0	48	48	8	
7	9	0	1	1	35	nan	2119	22.4	23.7	22.8	23.6	22.1	25.3	24.7	0.1	360.1	291.6	261.9	227.6	178.7	129.7	-4.7	0.2	0.5	224.3	199.2	-150.16	5.45	328	0	0	10	10	2084	0	48	48	8	
7	9	0	1	1	36	nan	2120	22.4	23.7	22.8	23.6	22.1	23.9	23.8	0.1	360.1	291.6	261.9	227.6	178.7	129.7	-4.7	0.2	0.5	224.3	199.2	-150.16	5.46	328	0	0	10	10	2084	0	48	48	8	
7	9	0	1	1	37	nan	2121	22.4	23.7	22.8	23.6	22.1	23.9	23.8	0.1	360.9	290.7	263.1	228.2	175.4	130.3	-3.9	0.2	0.5	224.5	199.4	-150.16	5.46	328	0	0	10	10	2084	0	48	48	8	
7	9	0	1	1	38	nan	2120	22.9	22.6	23	23.9	22.9	23.9	23.8	0.1	360.9	290.7	263.1	228.2	175.4	130.3	-3.9	0.2	0.5	224.5	199.4	-150.16	5.46	328	0	0	10	10	2084	0	48	48	8	
7	9	0	1	1	39	nan	2121	22.9	22.6	23	23.9	22.9	24	23.8	0.1	360.9	290.7	263.1	228.2	175.4	130.3	-3.9	0.2	0.5	224.5	199.4	-150.16	5.47	328	0	0	10	10	2084	0	48	50	8	
7	9	0	1	1	40	nan	2120	22.9	22.6	23	23.9	22.9	24	23.8	0.1	360.9	290.7	263.1	228.2	175.4	130.3	-3.9	0.1	0.5	224.6	199.4	-150.16	5.47	328	0	0	10	10	2084	0	50	50	8	
7	9	0	1	1	41	nan	2121	22.7	23.2	23.2	24.4	23	24	23.8	0.1	360.9	290.7	263.1	228.2	175.4	130.3	-3.9	0.1	0.5	224.6	199.4	-150.16	5.47	328	0	0	10	10	2084	0	50	50	8	
7	9	0	1	1	42	nan	2120	22.7	23.2	23.2	24.4	23	23.5	24.5	0.1	379.1	307.1	283.6	239.4	195.3	148.8	-3.6	0.2	0.5	224.7	199.4	-150.16	5.47	328	0	0	10	10	2084	0	50	50	8	
7	9	0	1	1	43	nan	2120	22.7	23.2	23.2	24.4	23	23.5	24.5	0.1	379.1	307.1	283.6	239.4	195.3	148.8	-3.6	0.2	0.5	224.7	199.4	-150.16	5.59	328	0	0	10	10	2084	0	50	50	8	
7	9	0	1	1	44	nan	2121	22.9	23.4	23.4	23.8	24.8	23.5	24.5	0.1	381	309.3	283.4	242.9	198.9	151.8	-4.7	0.2	0.5	224	199.6	-150.16	5.59	328	0	0	10	10	2084	0	50	50	8	
7	9	0	1	1	45	nan	2120	22.9	23.4	23.4	23.8	24.8	24.4	25	0.1	381	309.3	283.4	242.9	198.9	151.8	-4.7	0.2	0.5	224	199.6	-150.16	5.59	328	0	0	10	10	2084	0	50	50	8	
7	9	0	1	1	46	nan	2120	22.9	23.4	23.4	23.8	24.8	24.4	25	0.1	383.8	312.1	284.3	244.6	197.4	149.4	-3.7	0.2	0.5	224	199.6	-150.16	5.59	328	0	0	10	10	2084	0	50	50	8	
7	9	0	1	1	47	nan	2120	22.9	23.4	23.4	23.8	24.8	24.4	25	0.1	383.8	312.1	284.3	244.6	197.4	149.4	-3.7	0.2	0.5	223.4	200.7	-150.16	5.59	328	0	0	10	10	2084	0	50	50	8	
7	9	0	1	1	48	nan	2120	22.9	23.4	23.4	23.8	24.8	24.4	25	0.1	383.8	312.1	284.3	244.6	197.4	149.4	-3.7	0.2	0.5	223.4	200.7	-150.16	5.58	328	0	0	10	10	2084	0	50	50	8	
7	9	0	1	1	49	nan	2120	22.9	23.4	23.4	23.8	24.8	24.4	25	0.1	379.7	315	285.9	245.5	198.1	148.8	-3.9	0.1	0.5	223.3	200.5	-150.16	5.58	328	0	0	10	10	2084	0	50	50	8	
7	9	0	1	1	50	nan	2119	22.8	24	23	23.5	24.1	24.5	24.2	0.1	379.7	315	285.9	245.5	198.1	148.8	-3.9	0.1	0.5	223.3	200.5	-150.16	5.57	328	0	0	10	10	2084	0	50	50	8	
7	9	0	1	1	51	nan	2120	22.8	24	23	23.5	24.1	24.5	24.2	0.1	384.5	321.1	286.6	246.1	198.6	148.1	-4.4	0.1	0.5	223.3	200.6	-150.16	5.57	328	0	0	10	10	2084	0	50	50	8	
7	9	0	1	1	52	nan	2121	22.8	24	23	23.5	24.1	24.5	24.2	0.1	384.5	321.1	286.6	246.1	198.6	148.1	-4.4	0.1	0.5	223.3	200.6	-150.16	5.57	328	0	0	10	10	2084	0	50	50	8	
7	9	0	1	1	53	nan	2119	23.1	23.6	23.8	23.9	24	24.8	25.1	0.1	377.5	312.7	284.9	242.4	197.6	148.8	-4.4	0.1	0.5	223.3	200.6	-150.16	5.56	328	0	0	10	10	2084	0	50	50	8	
7	9	0	1	1	54	nan	2120	23.1	23.6	23.8	23.9	24	24.8	25.1	0.1	377.5	312.7	284.9	242.4	197.6	148.8	-4.4	0.2	0.5	223.3	200.5	-150.16	5.56	328	0	0	10	10	2084	0	50	50	8	
7	9	0	1	1	55	nan	2119	23.1	23.6	23.8	23.9	24	24.8	25.1	0.1	377.5	312.7	284.9	242.4	197.6	148.8	-4.4	0.2	0.5	223.3	200.5	-150.16	5.56	328	0	0	10	10	2084	0	50	50	8	
7	9	0	1	1	56	nan	2120	22.8	23.3	24.4	24	23.9	25.2	24.5	0.1	378.4	312	284.7	249.4	198.7	149.5	-4	0.2	0.5	223.2	200.5	-150.16	5.56	328	0	0	10	10	2084	0	51	51	8	
7	9	0	1	1	117	nan	2121	23.6	23.4	23.5	24.2	25.2	25.8	24.6	0.1	393.4	321.4	298.9	253.2	211.7	159.3	-4.2	0.2	0.5	222.2	200.6	-150.16	5.61	328	0	0	10	10	2084	0	51	51	8	
7	9	0	1	1	118	nan	2120	23.6	23.4	23.5	24.2	25.2	25.8	24.6	0.1	393.4	321.4	298.9	253.2	211.7	159.3	-4.2	0.2	0.5	222.2	200.6	-150.16	5.58	328	0	0	10	10	2084	0	51	51	8	
7	9	0	1	1	119	nan	2121	23.4	24	24.3	24.3	25.3	25.8	24.6	0.1	392.8	317.3	298.4	253.7	210.4	158.3	-3.9	0.2	0.5	222.1	200.7	-150.16	5.58	328	0	0	10	10	2084	0	51	51	8	
7	9	0	1	1	120	nan	2120	23.4	24	24.3	24.3	25.3	25.3	25.5	0.1	392.8	317.3	298.4	253.7	210.4	158.3	-3.9	0.2	0.5	222.1	200.7	-150.16	5.6	328	0	0	10	10	2084	0	51	51	8	
7	9	0	1	1	121	nan	2120	23.4	24	24.3	24.3	25.3	25.3	25.5	0.1	386.3	321.8	295.6	256.8	207.2	158.2	-4.1	0.2	0.5	222.1	200.6	-150.16	5.6	328	0	0	10	10	2084	0	51	51	8	
7	9	0	1	1	122	nan	2120	23.8	22.7	24	25.1	24.3	25.3	25.5	0.1	386.3	321.8	295.6	256.8	207.2	158.2	-4.1	0.2	0.5	222.1	200.6	-150.08	5.59	328	0	0	10	10	2084	0	51	51	8	
7	9	0	1	1	123	nan	2120	23.8	22.7	24	25.1	24.3	25.4	27.1	0.1	390.3	321.2	299.5	251.5	209.7	159.6	-4.1	0.2	0.5	222.2	200.6	-150.08	5.59	328	0	0	10	10	2084	0	51	51	8	
7	9	0	1	1	124	nan	2121	23.8	22.7	24	25.1	24.3	25.4	27.1	0.1	390.3	321.2	299.5	251.5	209.7	159.6	-4.1	0.2	0.5	222.2	200.6	-150.08	5.59	328	0	0	10	10	2084	0	51	51	8	
7	9	0	1	1	125	nan	2120	23.6	25	24.6	25.1	23.8	25.4	27.1	0.1	390.3	321.2	299.5	251.5	209.7	159.6	-4.1	0.2	0.5	222.2	200.6	-150.16	5.58	328	0	0	10	10	2084	0	51	51	8	
7	9	0	1	1	126	nan	2120	23.6	25	24.6	25.1	23.8	26.1	25.3	0.1	389.9	317.1	294.2	253.7	214.5	158.5	-4.4	0.1	0.5	222.2	200.6	-150.16	5.58	328	0	0	10	10	2084	0	51	51	8	
7	9	0	1	1	127	nan	2120	23.6	25	24.6	25.1	23.8	26.1	25.3	0.1	389.9	317.1	294.2	253.7	214.5	158.5	-4.4	0.1	0.5	222.2	200.6	-150.16	5.58	328	0	0	10	10	2084	0	51	51	8	
7	9	0	1	1	128	nan	2121	23.6	25	24.6	25.1	23.8	26.1	25.3	0.1	388.6	323.3	295.6	254	214.2	157.2	-5.1	0.1	0.5	222.1	200.5	-150.16	5.58	328	0	0	10	10	2084	0	51	51	8	
7	9	0	1	1	129	nan	2121	23.6	25	24.6	25.1	23.8	26.1	25.3	0.1	388.6	323.3	295.6	254	214.2	157.2	-5.1	0.1	0.5	222.1	200.5	-150.08	5.58	328	0	0	10	10	2084	0	51	51	8	
7	9	0	1	1	130	nan	2120	23.6	25	24.6	25.1	23.8	26.1	25.3	0.1	392.7	318.1	295.7	253.6	209.9	159.2	-4.5	0.2	0.5	222.1	200.5	-150.08	5.58	328	0	0	10	10	2084	0	51	51	8	
7	9	0	1	1	131	nan	2121	23.7	25.6	24.3	25.4	25.8	25.3	25.9	0.1	392.7	318.1	295.7	253.6	209.9	159.2	-4.5	0.2	0.5	222.1	200.5	-150.08	5.58	328	0	0	10	10	2084	0	51	51	8	
7	9	0	1	1	132	nan	2121	23.7	25.6	24.3	25.4	25.8	25.3	25.9	0.1	392.7	318.1	295.7	253.6	209.9	159.2	-4.5	0.2	0.5	222.1	200.5	-150.16	5.59	328	0	0	10	10	2084	0	51	51	8	
7	9	0	1	1	133	nan	2120	23.7	25.6	24.3	25.4	25.8	25.3	25.9	0.1	392.8	325.8	297.8	255.7	212.7	158.1	-4.1	0.2	0.5	222.1	200.6	-150.16	5.59	328	0	0	10	10	2084	0	51	51	8	
7	9	0	1	1	134	nan	2120	23.5	24.8	24.5	24.8	24.9	25.6	24.8	0.1	392.8	325.8	297.8	255.7	212.7	158.1	-4.1	0.2	0.5	222.1	200.6	-150.16	5.58	328	0	0	10	10	2084	0	51	51	8	
7	9	0	1	1	135	nan	2122	23.5	24.8	24.5	24.8	24.9	25.6	24.8	0.1	385.4	319.2	296.7	254.7	211.3	160.3	-4.1	0.2	0.5	222.1	200.6	-150.16	5.58	328	0	0	10	10	2084	0	51	51	8	
7	9	0	1	1	136	nan	2120	23.5	24.8	24.5	24.8	24.9	25.6	24.8	0.1	385.4	319.2	296.7	254.7	211.3	160.3	-4.1	0.2	0.5	222.1	200.6	-150.24	5.57	328	0	0	10	10	2084	0	51	51	8	
7	9	0	1	1	137	nan	2120	23.9	23.6	24.2	24.8	25.7	25.5	26.8	0.1	392.9	321.3	298	250.3	208.3	160.2	-4	0.2	0.5	222.1	200.6	-150.24	5.57	328	0	0	10	10	2084	0	51	51	8	
7	9	0	1	1	138	nan	2121	23.9	23.6	24.2	24.8	25.7	25.5	26.8	0.1	392.9	321.3	298	250.3	208.3	160.2	-4	0.2	0.5	222.1	200.6	-150.24	5.57	328	0	0	10	10	2084	0	51	51	8	
7	9	0	1	1	139	nan	2120	23.9	23.6	24.2	24.8	25.7	25.5	26.8	0.1	392.9	321.3	298	250.3	208.3	160.2	-4	0.2	0.5	222.1	200.6	-150.16	5.57	328	0	0	10	10	2084	0	51	51	8	
7	9	0	1	1	140	nan	2122	23.7	24.5	23.8	24.9	24.5	26.7	25.1	0.1	392.9	321.3	298	250.3	208.3	160.2	-4	0.1	0.5	222	200.6	-150.16	5.57	328	0	0	10	10	2084	0	51	51	8	
7	9	0	1	1	141	nan	2120	23.7	24.5	23.8	24.9	24.5	26.7	25.1	0.1	392.9	321.3	298	250.3	208.3	160.2	-4	0.1	0.5	222	200.6	-150.16	5.58	328	0	0	10	10	2084	0	51	51	8	
7	9	0	1	1	142	nan	2121	23.7	24.5	23.8	24.9	24.5	26.7	25.1	0.1	397.4	322.8	297.9	255.3	210.5	158.3	-4.1	0.2	0.5	221.9	200.6	-150.16	5.58	328	0	0	10	10	2084	0	51	51	8	
7	9	0	1	1	143	nan	2121	23.7	24.5	23.8	24.9	24.5	26.7	25.1	0.1	397.4	322.8	297.9	255.3	210.5	158.3	-4.1	0.2	0.5	221.9	200.6	-150.24	5.58	328	0	0	10	10	2084	0	51	51	8	
7	9	0	1	1	144	nan	2120	23.7	24.5	23.8	24.9	24.5	26.7	25.1	0.1	389.9	324	290.5	255.7	212.7	156.9	-4.7	0.1	0.5	221.9	200.7	-150.24	5.58	328	0	0	10	10	2084	0	51	51	8	
7	9	0	1	1	145	nan	2120	23.6	23.5	24.4	24.7	24.5	26.7	25.1	0.1	389.9	324	290.5	255.7	212.7	156.9	-4.7	0.1	0.5	221.9	200.7	-150.24	5.58	328	0	0	10	10	2084	0	51	51	8	
7	9	0	1	1	146	nan	2121	23.6	23.5	24.4	24.7	24.5	25.3	25.8	0.1	393.2	319	293.8	256.8	207.8	159.3	-4	0.1	0.5	221.9	200.7	-150.16	5.58	328	0	0	10	10	2084	0	51	51	8	
7	9	0	1	1	147	nan	2121	23.6	23.5	24.4	24.7	24.5	25.3	25.8	0.1	393.2	319	293.8	256.8	207.8	159.3	-4	0.2	0.5	222.1	200.7	-150.16	5.58	328	0	0	10	10	2084	0	51	51	8	
7	9	0	1	1	148	nan	2121	23.7	24.1	24.2	25.2	26.7	26.3	26.4	0.1	393.2	319	293.8	256.8	207.8	159.3	-4	0.2	0.5	222.1	200.7	-150.16	5.56	328	0	0	10	10	2084	0	51	51	8	
7	9	0	1	1	149	nan	2120	23.7	24.1	24.2	25.2	26.7	26.3	26.4	0.1	392.5	321.8	296	255.6	212.2	159	-4.7	0.2	0.5	222.1	200.7	-150.16	5.56	328	0	0	10	10	2084	0	51	51	8	
7	9	0	1	1	150	nan	2121	23.7	24.1	24.2	25.2	26.7	26.3	26.4	0.1	392.5	321.8	296	255.6	212.2	159	-4.7	0.2	0.5	222.1	200.7	-150.16	5.58	328	0	0	10	10	2084	0	51	51	8	
7	9	0	1	1	151	nan	2120	23.9	25.9	24.5	25.3	23.8	26.3	26.4	0.1	398	322.2	298	253.8	212.8	158.3	-4.3	0.2	0.5	222	200.6	-150.16	5.58	328	0	0	10	10	2084	0	51	51	8	
7	9	0	1	1	152	nan	2121	23.9	25.9	24.5	25.3	23.8	24.9	27.8	0.1	398	322.2	298	253.8	212.8	158.3	-4.3	0.2	0.5	222	200.6	-150.16	5.58	328	0	0	10	10	2084	0	51	51	8	
7	9	0	1	1	153	nan	2120	23.9	25.9	24.5	25.3	23.8	24.9	27.8	0.1	390.3	318.8	295.9	252.3	213	162	-3.9	0.2	0.5	222	200.6	-150.16	5.56	328	0	0	10	10	2084	0	51	51	8	
7	9	0	1	1	154	nan	2121	23.9	25.9	24.5	25.3	23.8	24.9	27.8	0.1	390.3	318.8	295.9	252.3	213	162	-3.9	0.2	0.5	222	200.7	-150.16	5.56	328	0	0	10	10	2084	0	51	51	8	
7	9	0	1	1	155	nan	2121	23.9	25.9	24.5	25.3	23.8	24.9	27.8	0.1	390.3	318.8	295.9	252.3	213	162	-3.9	0.2	0.5	222	200.7	-150.16	5.58	328	0	0	10	10	2084	0	51	51	8	
7	9	0	1	1	156	nan	2121	24	25.7	24.2	25.3	23.6	24.9	27.8	0.1	394.9	325	296.7	252.3	209.2	159	-4.5	0.1	0.5	222	200.7	-150.16	5.58	328	0	0	10	10	2084	0	51	51	8	
7	9	0	1	1	157	nan	2121	24	25.7	24.2	25.3	23.6	25	27.8	0.1	394.9	325	296.7	252.3	209.2	159	-4.5	0.1	0.5	222	200.7	-150.16	5.56	328	0	0	10	10	2084	0	51	51	8	
7	9	0	1	1	158	nan	2121	24	25.7	24.2	25.3	23.6	25	27.8	0.1	392.4	319.2	296.7	255.5	212.8	162.2	-4.5	0.1	0.5	222.1	200.6	-150.16	5.56	328	0	0	10	10	2084	0	51	51	8	
7	9	0	1	1	159	nan	2121	24.3	24.5	24.9	25.3	25.3	25	27.8	0.1	392.4	319.2	296.7	255.5	212.8	162.2	-4.5	0.1	0.5	222.1	200.6	-150.16	5.56	328	0	0	10	10	2084	0	51	51	8	
7	9	0	1	1	160	nan	2121	24.3	24.5	24.9	25.3	25.3	27	26.7	0.1	391.6	320	298.5	254.1	211.3	163.3	-5.3	0.1	0.5	222.1	200.6	-150.16	5.56	328	0	0	10	10	2084	0	51	51	8	
7	9	0	1	1	161	nan	2120	24.3	24.5	24.9	25.3	25.3	27	26.7	0.1	391.6	320	298.5	254.1	211.3	163.3	-5.3	0.1	0.5	222	200.5	-150.16	5.56	328	0	0	10	10	2084	0	51	51	8	
7	9	0	1	1	162	nan	2121	24.2	23.8	25.2	25.5	23.5	27	26.7	0.1	391.6	320	298.5	254.1	211.3	163.3	-5.3	0.1	0.5	222	200.5	-150.16	5.56	328	0	0	10	10	2084	0	51	51	8	
7	9	0	1	1	163	nan	2120	24.2	23.8	25.2	25.5	23.5	25.5	24.9	0.1	393.3	321.7	296	254.5	206.6	158.2	-4.2	0.1	0.5	221.9	200.6	-150.16	5.56	328	0	0	10	10	2084	0	51	51	8	
7	9	0	1	1	164	nan	2121	24.2	23.8	25.2	25.5	23.5	25.5	24.9	0.1	393.3	321.7	296	254.5	206.6	158.2	-4.2	0.1	0.5	221.9	200.6	-150.16	5.56	328	0	0	10	10	2084	0	51	51	8	
7	9	0	1	1	165	nan	2121	24.2	23.8	25.2	25.5	23.5	25.5	24.9	0.1	387.4	327.7	292.2	254.2	212.4	162.9	-4.1	0.2	0.5	222	200.6	-150.16	5.56	328	0	0	10	10	2084	0	51	51	8	
7	9	0	1	1	166	nan	2122	24.2	23.8	25.2	25.5	23.5	25.5	24.9	0.1	387.4	327.7	292.2	254.2	212.4	162.9	-4.1	0.2	0.5	222	200.6	-150.16	5.56	328	0	0	10	10	2084	0	51	51	8	
7	9	0	1	1	167	nan	2121	24.2	23.8	25.2	25.5	23.5	25.5	24.9	0.1	387.9	323.3	298.8	254.3	213.7	161.4	-4.3	0.2	0.5	222	200.6	-150.16	5.56	328	0	0	10	10	2084	0	51	51	8	
7	9	0	1	1	168	nan	2119	24	24.7	25.2	25.6	23.7	25.3	25.5	0.1	387.9	323.3	298.8	254.3	213.7	161.4	-4.3	0.2	0.5	222.1	200.6	-150.16	5.56	328	0	0	10	10	2084	0	51	51	8	
7	9	0	1	1	169	nan	2121	24	24.7	25.2	25.6	23.7	25.3	25.5	0.1	387.9	323.3	298.8	254.3	213.7	161.4	-4.3	0.2	0.5	222.1	200.6	-150.16	5.55	328	0	0	10	10	2084	0	51	51	8	
7	9	0	1	1	170	nan	2120	24	24.7	25.2	25.6	23.7	25.3	25.5	0.1	387.9	323.3	298.8	254.3	213.7	161.4	-4.3	0.2	0.5	222	200.6	-150.16	5.55	328	0	0	10	10	2084	0	51	51	8	
7	9	0	1	1	171	nan	2121	23.9	24.4	25.5	25.1	25.1	25.4	25.1	0.1	387.9	323.3	298.8	254.3	213.7	161.4	-4.3	0.2	0.5	222	200.6	-150.16	5.55	328	0	0	10	10	2084	0	51	51	8	
7	9	0	1	1	172	nan	2121	23.9	24.4	25.5	25.1	25.1	25.4	25.1	0.1	391	326.6	296.2	250.6	211.6	159.5	-4.4	0.1	0.5	221.9	200.7	-150.16	5.55	328	0	0	10	10	2084	0	51	51	8	
7	9	0	1	1	173	nan	2121	23.9	24.4	25.5	25.1	25.1	25.4	25.1	0.1	391	326.6	296.2	250.6	211.6	159.5	-4.4	0.1	0.5	221.9	200.7	-150.08	5.55	328	0	0	10	10	2084	0	53	53	8	
7	9	0	1	1	174	nan	2119	24.3	24.5	24.4	24.8	24	27	25.7	0.1	413.7	347.2	296.9	264	223.2	177	-4.2	0.1	0.5	221.9	200.7	-150.08	5.55	328	0	0	10	10	2084	0	53	53	8	
7	9	0	1	1	175	nan	2121	24.3	24.5	24.4	24.8	24	27	25.7	0.1	413.7	347.2	296.9	264	223.2	177	-4.2	0.2	0.5	222.1	199	-150.08	5.55	328	0	0	10	10	2084	0	53	53	8	
7	9	0	1	1	176	nan	2120	24.3	24.5	24.4	24.8	24	27	25.7	0.1	413.7	347.2	296.9	264	223.2	177	-4.2	0.2	0.5	222.1	199	-150.16	5.76	328	0	0	10	10	2084	0	53	53	8	
7	9	0	1	1	177	nan	2119	24.3	24.5	24.4	24.8	24	27	25.7	0.1	421.2	353	328.8	281.4	245.2	187.5	-4.7	0.2	0.5	220.1	200.9	-150.16	5.76	328	0	0	10	10	2084	0	53	53	8	
7	9	0	1	1	178	nan	2120	24.3	24.5	24.4	24.8	24	27	25.7	0.1	421.2	353	328.8	281.4	245.2	187.5	-4.7	0.2	0.5	220.1	200.9	-150.16	5.74	328	0	0	10	10	2084	0	53	53	8	
7	9	0	1	1	179	nan	2120	23.7	24.9	24.6	25.3	24.8	26.2	26.3	0.1	424.6	353.8	329.9	279.8	241.7	186.8	-4.3	0.2	0.5	220.1	201.3	-150.16	5.74	328	0	0	10	10	2084	0	53	53	8	
7	9	0	1	1	180	nan	2120	23.7	24.9	24.6	25.3	24.8	26.2	26.3	0.1	424.6	353.8	329.9	279.8	241.7	186.8	-4.3	0.2	0.5	220.1	201.3	-150.16	5.74	328	0	0	10	10	2084	0	53	53	8	
7	9	0	1	1	181	nan	2120	23.7	24.9	24.6	25.3	24.8	26.2	26.3	0.1	424.7	353.9	328.2	283.1	244.9	184.8	-3.5	0.2	0.5	220.2	201.5	-150.16	5.74	328	0	0	10	10	2084	0	53	53	8	
7	9	0	1	1	182	nan	2120	24.4	25.7	25	25.7	24.1	26.1	26.7	0.1	424.7	353.9	328.2	283.1	244.9	184.8	-3.5	0.2	0.5	220.2	201.5	-150.16	5.74	328	0	0	10	10	2084	0	53	53	8	
7	9	0	1	1	183	nan	2119	24.4	25.7	25	25.7	24.1	26.1	26.7	0.1	424.7	353.9	328.2	283.1	244.9	184.8	-3.5	0.2	0.5	220.2	201.5	-150.16	5.74	328	0	0	10	10	2084	0	53	53	8	
7	9	0	1	1	184	nan	2120	24.4	25.7	25	25.7	24.1	26.1	26.7	0.1	422.3	352.6	327.3	285.9	245	183.6	-3.7	0.2	0.5	220	201.6	-150.16	5.74	328	0	0	10	10	2084	0	53	53	8	
7	9	0	1	1	185	nan	2120	24.2	24.1	25.2	25.9	26.2	26.5	26.4	0.1	422.3	352.6	327.3	285.9	245	183.6	-3.7	0.2	0.5	220	201.6	-150.16	5.75	328	0	0	10	10	2084	0	53	55	8	
7	9	0	1	1	186	nan	2119	24.2	24.1	25.2	25.9	26.2	26.5	26.4	0.1	426.3	358.2	333	296.7	249.2	208.3	-3.9	0.2	0.5	220	201.7	-150.16	5.75	328	0	0	10	10	2084	0	55	55	8	
7	9	0	1	1	247	nan	2120	24.9	25.2	25.2	26.2	26.4	24.8	28.6	0.1	459.2	384.1	367.3	323.3	278.3	221.6	-4.6	0.2	0.5	218.8	201.5	-150.16	5.95	328	0	0	10	10	2086	0	55	55	8	
7	9	0	1	1	248	nan	2120	24.9	25.2	25.2	26.2	26.4	24.8	28.6	0.1	459.2	384.1	367.3	323.3	278.3	221.6	-4.6	0.2	0.5	218.8	201.5	-150.16	5.95	328	0	0	10	10	2086	0	55	55	8	
7	9	0	1	1	249	nan	2120	24.9	25.2	25.2	26.2	26.4	24.8	28.6	0.1	461.6	386.1	363.2	316.9	289.5	227.3	-4.8	0.2	0.5	218.7	201.4	-150.16	5.95	328	0	0	10	10	2086	0	55	55	8	
7	9	0	1	1	250	nan	2122	24.9	25.2	25.2	26.2	26.4	24.8	28.6	0.1	461.6	386.1	363.2	316.9	289.5	227.3	-4.8	0.2	0.5	218.7	201.4	-150.16	5.95	328	0	0	10	10	2086	0	55	55	8	
7	9	0	1	1	251	nan	2121	24.9	25.2	25.2	26.2	26.4	24.8	28.6	0.1	455	386.5	361.3	322.4	285.6	221.6	-4.4	0.2	0.5	218.7	201.6	-150.16	5.95	328	0	0	10	10	2086	0	55	55	8	
7	9	0	1	1	252	nan	2122	24.8	25.8	25.1	26.1	25.5	27.2	27.8	0.1	455	386.5	361.3	322.4	285.6	221.6	-4.4	0.2	0.5	218.7	201.6	-150.16	5.95	328	0	0	10	10	2086	0	55	55	8	
7	9	0	1	1	253	nan	2121	24.8	25.8	25.1	26.1	25.5	27.2	27.8	0.1	463	381.8	362.6	318.2	285.8	222.3	-3.8	0.2	0.5	218.7	201.6	-150.16	5.94	328	0	0	10	10	2086	0	55	55	8	
7	9	0	1	1	254	nan	2120	24.8	25.8	25.1	26.1	25.5	27.2	27.8	0.1	463	381.8	362.6	318.2	285.8	222.3	-3.8	0.2	0.5	218.8	201.6	-150.16	5.94	328	0	0	10	10	2086	0	55	55	8	
7	9	0	1	1	255	nan	2122	25	25.6	25.6	26.4	24.6	26	26.8	0.1	463	381.8	362.6	318.2	285.8	222.3	-3.8	0.2	0.5	218.8	201.6	-150.16	5.94	328	0	0	10	10	2086	0	55	55	8	
7	9	0	1	1	256	nan	2121	25	25.6	25.6	26.4	24.6	26	26.8	0.1	453.9	383.2	363.4	321.4	281.3	221.5	-4.2	0.1	0.5	218.8	201.5	-150.16	5.94	328	0	0	10	10	2086	0	55	55	8	
7	9	0	1	1	257	nan	2120	25	25.6	25.6	26.4	24.6	26	26.8	0.1	453.9	383.2	363.4	321.4	281.3	221.5	-4.2	0.1	0.5	218.8	201.5	-150.16	5.94	328	0	0	10	10	2086	0	55	55	8	
7	9	0	1	1	258	nan	2120	25.3	26.4	25.4	26.1	26.3	25.7	27.5	0.1	453.7	391	365.7	318.2	287.2	228.4	-4.3	0.2	0.5	218.8	201.4	-150.16	5.94	328	0	0	10	10	2086	0	55	55	8	
7	9	0	1	1	259	nan	2120	25.3	26.4	25.4	26.1	26.3	25.7	27.5	0.1	453.7	391	365.7	318.2	287.2	228.4	-4.3	0.2	0.5	218.8	201.4	-150.16	5.94	328	0	0	10	10	2086	0	55	55	8	
7	9	0	1	1	260	nan	2120	25.3	26.4	25.4	26.1	26.3	25.7	27.5	0.1	456.4	390.3	367	316.7	281.9	226.1	-4.1	0.2	0.5	218.8	201.4	-150.16	5.96	328	0	0	10	10	2086	0	55	55	8	
7	9	0	1	1	261	nan	2120	25.3	26.4	25.4	26.1	26.3	25.7	27.5	0.1	456.4	390.3	367	316.7	281.9	226.1	-4.1	0.1	0.5	218.9	201.6	-150.16	5.96	328	0	0	10	10	2086	0	55	55	8	
7	9	0	1	1	262	nan	2120	25.3	26.4	25.4	26.1	26.3	25.7	27.5	0.1	456.4	390.3	367	316.7	281.9	226.1	-4.1	0.1	0.5	218.9	201.6	-150.16	5.94	328	0	0	10	10	2086	0	55	55	8	
7	9	0	1	1	263	nan	2121	25	25.6	24.8	26.7	25.7	27.1	26.5	0.1	461.4	387.7	362.2	318.3	281.9	217.4	-4.2	0.2	0.5	218.8	201.7	-150.16	5.94	328	0	0	10	10	2086	0	55	55	8	
7	9	0	1	1	264	nan	2120	25	25.6	24.8	26.7	25.7	27.1	26.5	0.1	461.4	387.7	362.2	318.3	281.9	217.4	-4.2	0.2	0.5	218.8	201.7	-150.16	5.96	328	0	0	10	10	2086	0	55	55	8	
7	9	0	1	1	265	nan	2121	25	25.6	24.8	26.7	25.7	27.1	26.5	0.1	459.3	390.7	362.3	320.7	283.7	227.5	-4.4	0.2	0.5	218.8	201.6	-150.16	5.96	328	0	0	10	10	2086	0	55	55	8	
7	9	0	1	1	266	nan	2122	25.1	25.6	25.6	25.7	25.2	27.2	26.8	0.1	459.3	390.7	362.3	320.7	283.7	227.5	-4.4	0.2	0.5	218.8	201.6	-150.24	5.96	328	0	0	10	10	2086	0	55	55	8	
7	9	0	1	1	267	nan	2120	25.1	25.6	25.6	25.7	25.2	27.2	26.8	0.1	453.8	387.1	369.6	318.1	284.7	220.8	-4.3	0.2	0.5	218.8	201.6	-150.24	5.94	328	0	0	10	10	2086	0	55	55	8	
7	9	0	1	1	268	nan	2120	25.1	25.6	25.6	25.7	25.2	27.2	26.8	0.1	453.8	387.1	369.6	318.1	284.7	220.8	-4.3	0.2	0.5	218.8	201.8	-150.24	5.94	328	0	0	10	10	2086	0	55	55	8	
7	9	0	1	1	269	nan	2119	25.1	25.3	25.9	26	25.8	26.9	26.5	0.1	453.8	387.1	369.6	318.1	284.7	220.8	-4.3	0.2	0.5	218.8	201.8	-150.16	5.95	328	0	0	10	10	2086	0	58	58	8	
7	9	0	1	1	270	nan	2118	25.1	25.3	25.9	26	25.8	26.9	26.5	0.1	459.1	392	378.5	316.3	284.3	221.2	-3.7	0.2	0.5	218.8	201.7	-150.16	5.95	328	0	0	10	10	2086	0	58	58	8	
7	9	0	1	1	271	nan	2119	25.1	25.3	25.9	26	25.8	26.9	26.5	0.1	459.1	392	378.5	316.3	284.3	221.2	-3.7	0.2	0.5	218.8	201.7	-150.16	6.14	328	0	0	10	10	2086	0	58	58	8	
7	9	0	1	1	272	nan	2119	25.1	25.3	25.9	26	25.8	26.9	26.5	0.1	531.8	460.5	435.8	392.7	369.9	293.2	-4.1	0.2	0.5	214.9	199.7	-150.16	6.14	328	0	0	10	10	2086	0	58	58	8	
7	9	0	1	1	273	nan	2120	25.1	25.3	25.9	26	25.8	26.9	26.5	0.1	531.8	460.5	435.8	392.7	369.9	293.2	-4.1	0.2	0.5	214.9	199.7	-150.16	6.14	328	0	0	10	10	2086	0	58	58	8	
7	9	0	1	1	274	nan	2120	25.3	25	25.7	26.4	26.6	26.9	26.5	0.1	520.9	456.7	440.2	389.3	366.6	295.6	-4.1	0.2	0.5	214.9	203	-150.16	6.43	328	0	0	10	10	2086	0	58	58	8	
7	9	0	1	1	275	nan	2118	25.3	25	25.7	26.4	26.6	26.7	26.1	0.1	520.9	456.7	440.2	389.3	366.6	295.6	-4.1	0.2	0.5	214.9	203	-150.16	6.43	328	0	0	10	10	2086	0	58	58	8	
7	9	0	1	1	276	nan	2119	25.3	25	25.7	26.4	26.6	26.7	26.1	0.1	520.9	456.7	440.2	389.3	366.6	295.6	-4.1	0.2	0.5	214.9	203	-150.16	6.41	328	0	0	10	10	2086	0	58	58	8	
7	9	0	1	1	277	nan	2118	25.2	25.9	25.4	26.5	26.6	26.7	26.1	0.1	526.7	464.9	448.1	391	366.3	295	-4.3	0.2	0.5	214.9	203	-150.16	6.41	328	0	0	10	10	2086	0	58	58	8	
7	9	0	1	1	278	nan	2118	25.2	25.9	25.4	26.5	26.6	26.5	26.1	0.1	526.7	464.9	448.1	391	366.3	295	-4.3	0.2	0.5	214.9	203	-150.16	6.44	328	0	0	10	10	2086	0	58	58	8	
7	9	0	1	1	279	nan	2119	25.2	25.9	25.4	26.5	26.6	26.5	26.1	0.1	526.7	464.9	448.1	391	366.3	295	-4.3	0.2	0.5	214.9	203	-150.16	6.44	328	0	0	10	10	2086	0	58	58	8	
7	9	0	1	1	280	nan	2119	25.2	25.9	25.3	26.4	24.6	26.5	26.1	0.1	526.7	464.9	448.1	391	366.3	295	-4.3	0.2	0.5	214.9	203	-150.16	6.44	328	0	0	10	10	2086	0	58	58	8	
7	9	0	1	1	281	nan	2120	25.2	25.9	25.3	26.4	24.6	26.7	28.2	0.1	530	462.3	443.7	386.8	363	288.2	-4.7	0.2	0.5	214.8	202.9	-150.16	6.42	328	0	0	10	10	2086	0	58	58	8	
7	9	0	1	1	282	nan	2118	25.2	25.9	25.3	26.4	24.6	26.7	28.2	0.1	530	462.3	443.7	386.8	363	288.2	-4.7	0.2	0.5	214.8	202.9	-150.16	6.42	328	0	0	10	10	2086	0	58	58	8	
7	9	0	1	1	283	nan	2118	25	25.5	25.9	26.4	24.9	26.7	28.2	0.1	530	462.3	443.7	386.8	363	288.2	-4.7	0.2	0.5	214.8	202.9	-150.16	6.44	328	0	0	10	10	2088	0	58	58	8	
7	9	0	1	1	284	nan	2121	25	25.5	25.9	26.4	24.9	26.7	28.2	0.1	535.1	464	442.4	386.6	359.4	289.9	-4.5	0.1	0.5	214.7	202.9	-150.16	6.44	328	0	0	10	10	2088	0	58	58	8	
7	9	0	1	1	285	nan	2120	25	25.5	25.9	26.4	24.9	26.7	28.2	0.1	535.1	464	442.4	386.6	359.4	289.9	-4.5	0.1	0.5	214.7	202.9	-150.16	6.42	328	0	0	10	10	2088	0	58	58	8	
7	9	0	1	1	286	nan	2121	25	25.5	25.9	26.4	24.9	26.4	26	0.1	534	454.6	443.7	388.5	365.9	294.5	-4.3	0.2	0.5	214.7	202.9	-150.16	6.42	328	0	0	10	10	2088	0	58	58	8	
7	9	0	1	1	287	nan	2121	25	25.5	25.9	26.4	24.9	26.4	26	0.1	534	454.6	443.7	388.5	365.9	294.5	-4.3	0.2	0.5	214.7	202.9	-150.16	6.42	328	0	0	10	10	2088	0	58	58	8	
7	9	0	1	1	288	nan	2121	25.2	27.4	26.1	26.2	26.1	26.4	26	0.1	532.3	464.5	445.4	389.8	361.8	293.6	-3.3	0.2	0.5	214.9	203	-150.16	6.45	328	0	0	10	10	2088	0	58	58	8	
7	9	0	1	1	289	nan	2121	25.2	27.4	26.1	26.2	26.1	26.4	26.4	0.1	532.3	464.5	445.4	389.8	361.8	293.6	-3.3	0.2	0.5	214.9	203	-150.16	6.45	328	0	0	10	10	2088	0	58	58	8	
7	9	0	1	1	290	nan	2121	25.2	27.4	26.1	26.2	26.1	26.4	26.4	0.1	532.3	464.5	445.4	389.8	361.8	293.6	-3.3	0.2	0.5	214.9	203	-150.08	6.45	328	0	0	10	10	2088	0	58	45	8	
7	9	0	1	1	291	nan	2120	25.2	27.4	26.1	26.2	26.1	26.4	26.4	0.1	535.2	461	440.1	393.1	366.3	296	-4.3	0.2	0.5	215	203.2	-150.08	6.45	328	0	0	10	10	2088	0	45	45	8	
7	9	0	1	1	292	nan	2124	25.2	26.6	25.7	26.2	26.1	26.8	29	0.1	535.2	461	440.1	393.1	366.3	296	-4.3	0.2	0.5	215	203.2	-150.16	6.43	328	0	0	10	10	2088	0	45	45	8	
7	9	0	1	1	293	nan	2124	25.2	26.6	25.7	26.2	26.1	26.8	29	0.1	423.3	338.7	308.7	265.6	317.8	197.7	-4.2	0.1	0.5	214.9	205.1	-150.16	6.43	328	0	0	10	10	2088	0	45	45	8	
7	9	0	1	1	294	nan	2123	25.2	26.6	25.7	26.2	26.1	26.8	29	0.1	423.3	338.7	308.7	265.6	317.8	197.7	-4.2	0.1	0.5	214.9	205.1	-150.16	5.58	328	0	0	10	10	2088	0	45	57	8	
7	9	0	1	1	295	nan	2124	25.3	26	25.4	26.2	25	26.5	29.1	0.1	395.8	337.4	309.7	270.1	226.1	175.1	-3.8	0.2	0.5	222.2	199.8	-150.16	5.58	328	0	0	10	10	2088	0	57	57	8	
7	9	0	1	1	356	nan	2122	26.2	27.3	25	27.2	26.1	27.6	28.4	0.1	513	435.7	416	367.9	341.7	273.8	-4.3	0.2	0.5	216.7	201.8	-150.16	6.25	328	0	0	10	10	2088	0	57	57	8	
7	9	0	1	1	357	nan	2121	26.2	27.3	25	27.2	26.1	27.6	28.4	0.1	513	435.7	416	367.9	341.7	273.8	-4.3	0.2	0.5	216.7	201.8	-150.16	6.25	328	0	0	10	10	2088	0	57	59	8	
7	9	0	1	1	358	nan	2122	26.1	26.9	25.4	27.1	27.8	27.8	28.4	0.1	514.9	433.5	412.4	368.4	333.1	275.8	-4	0.2	0.5	216.7	201.8	-150.16	6.25	328	0	0	10	10	2088	0	59	59	8	
7	9	0	1	1	419	nan	2121	26.2	26.5	27.1	27.4	27.3	27.9	29.5	0.1	559.4	489.8	472.9	416.9	395.4	322.9	-4.1	0.2	0.5	214	202.3	-150.16	6.57	328	0	0	10	10	2088	0	59	59	8	
7	9	0	1	1	420	nan	2120	26.2	26.5	27.1	27.4	27.3	27.9	29.5	0.1	559.4	489.8	472.9	416.9	395.4	322.9	-4.1	0.2	0.5	214	202.3	-150.16	6.58	328	0	0	10	10	2088	0	59	59	8	
7	9	0	1	1	421	nan	2120	26.8	27.8	27.4	28.4	27.9	27.9	29.5	0.1	560.5	486.2	465.3	419.5	388.4	319.5	-4.7	0.2	0.5	214.1	202.4	-150.16	6.58	328	0	0	10	10	2088	0	59	59	8	
7	9	0	1	1	422	nan	2121	26.8	27.8	27.4	28.4	27.9	28.3	29.5	0.1	560.5	486.2	465.3	419.5	388.4	319.5	-4.7	0.2	0.5	214.1	202.4	-150.16	6.57	328	0	0	10	10	2088	0	59	59	8	
7	9	0	1	1	423	nan	2121	26.8	27.8	27.4	28.4	27.9	28.3	29.5	0.1	557.5	492.4	473.4	419.4	390.7	323	-3.9	0.2	0.5	214.1	202.4	-150.16	6.57	328	0	0	10	10	2088	0	59	59	8	
7	9	0	1	1	424	nan	2121	26.4	27.4	27	27.1	27.9	28.3	29.5	0.1	557.5	492.4	473.4	419.4	390.7	323	-3.9	0.2	0.5	214.1	202.4	-150.16	6.57	328	0	0	10	10	2088	0	59	59	8	
7	9	0	1	1	425	nan	2119	26.4	27.4	27	27.1	27.9	28.2	29.6	0.1	560.2	490.8	467.9	415.6	387.4	324	-3.5	0.2	0.5	214.1	202.4	-150.16	6.56	328	0	0	10	10	2088	0	59	59	8	
7	9	0	1	1	426	nan	2119	26.4	27.4	27	27.1	27.9	28.2	29.6	0.1	560.2	490.8	467.9	415.6	387.4	324	-3.5	0.2	0.5	214	202.4	-150.16	6.56	328	0	0	10	10	2088	0	59	59	8	
7	9	0	1	1	427	nan	2121	26.4	27.4	27	27.1	27.9	28.2	29.6	0.1	560.2	490.8	467.9	415.6	387.4	324	-3.5	0.2	0.5	214	202.4	-150.08	6.56	328	0	0	10	10	2088	0	59	59	8	
7	9	0	1	1	428	nan	2120	26.4	27.4	27	27.1	27.9	28.2	29.6	0.1	549.1	483.8	471.3	413.8	394.5	321.2	-4.3	0.2	0.5	214	202.4	-150.08	6.56	328	0	0	10	10	2088	0	59	59	8	
7	9	0	1	1	429	nan	2119	26.4	27.4	27	27.1	27.9	28.2	29.6	0.1	549.1	483.8	471.3	413.8	394.5	321.2	-4.3	0.2	0.5	214	202.4	-150.08	6.55	328	0	0	10	10	2088	0	59	59	8	
7	9	0	1	1	430	nan	2120	26.2	26.9	27.1	26.8	27.9	27.9	28.8	0.1	556	486.1	466.6	418.2	388.7	320.5	-4.1	0.1	0.5	213.9	202.4	-150.08	6.55	328	0	0	10	10	2088	0	59	59	8	
7	9	0	1	1	431	nan	2121	26.2	26.9	27.1	26.8	27.9	27.9	28.8	0.1	556	486.1	466.6	418.2	388.7	320.5	-4.1	0.1	0.5	213.9	202.4	-150.16	6.55	328	0	0	10	10	2088	0	59	59	8	
7	9	0	1	1	432	nan	2120	26.2	26.9	27.1	26.8	27.9	27.9	28.8	0.1	552.6	488.9	472.7	417.1	391.9	318.7	-4.3	0.1	0.5	213.9	202.4	-150.16	6.57	328	0	0	10	10	2088	0	59	59	8	
7	9	0	1	1	433	nan	2120	26.3	27.4	27.3	27.7	27.8	30.4	28.8	0.1	552.6	488.9	472.7	417.1	391.9	318.7	-4.3	0.2	0.5	213.9	202.4	-150.16	6.57	328	0	0	10	10	2088	0	59	59	8	
7	9	0	1	1	434	nan	2118	26.3	27.4	27.3	27.7	27.8	30.4	28.8	0.1	552.6	488.9	472.7	417.1	391.9	318.7	-4.3	0.2	0.5	213.9	202.4	-150.16	6.56	328	0	0	10	10	2088	0	59	59	8	
7	9	0	1	1	435	nan	2120	26.3	27.4	27.3	27.7	27.8	30.4	28.8	0.1	551.8	473.4	467.7	414.7	386.9	318.1	-5	0.1	0.5	214	202.4	-150.16	6.56	328	0	0	10	10	2088	0	59	59	8	
7	9	0	1	1	436	nan	2120	26.7	27.5	28.2	28.2	26.5	28	28.8	0.1	551.8	473.4	467.7	414.7	386.9	318.1	-5	0.1	0.5	214	202.4	-150.16	6.54	328	0	0	10	10	2088	0	59	59	8	
7	9	0	1	1	437	nan	2121	26.7	27.5	28.2	28.2	26.5	28	28.8	0.1	549.8	485.7	466.7	416.9	396	316.3	-3.8	0.2	0.5	213.9	202.4	-150.16	6.54	328	0	0	10	10	2088	0	59	59	8	
7	9	0	1	1	438	nan	2119	26.7	27.5	28.2	28.2	26.5	28	28.8	0.1	549.8	485.7	466.7	416.9	396	316.3	-3.8	0.2	0.5	213.9	202.4	-150.16	6.54	328	0	0	10	10	2090	0	59	59	8	
7	9	0	1	1	439	nan	2121	26.7	27.5	28.2	28.2	26.5	28	28.8	0.1	556.5	489.1	473	419.4	387.8	326.3	-3.5	0.2	0.5	213.9	202.4	-150.16	6.56	328	0	0	10	10	2090	0	59	59	8	
7	9	0	1	1	440	nan	2121	26.7	27.5	28.2	28.2	26.5	28	28.8	0.1	556.5	489.1	473	419.4	387.8	326.3	-3.5	0.2	0.5	213.9	202.3	-150.16	6.56	328	0	0	10	10	2090	0	59	59	8	
7	9	0	1	1	441	nan	2122	26.6	28.2	27.2	27.2	27	28.4	29.2	0.1	556.5	489.1	473	419.4	387.8	326.3	-3.5	0.2	0.5	213.9	202.3	-150.16	6.58	328	0	0	10	10	2090	0	59	59	8	
7	9	0	1	1	442	nan	2124	26.6	28.2	27.2	27.2	27	28.4	29.2	0.1	559.2	492.4	467.1	421.7	391.8	319.6	-4.5	0.2	0.5	214	202.3	-150.16	6.58	328	0	0	10	10	2090	0	59	59	8	
7	9	0	1	1	443	nan	2122	26.6	28.2	27.2	27.2	27	28.4	29.2	0.1	559.2	492.4	467.1	421.7	391.8	319.6	-4.5	0.2	0.5	214	202.3	-150.08	6.57	328	0	0	10	10	2090	0	59	59	8	
7	9	0	1	1	444	nan	2122	26.1	28	27.1	28.1	26.3	27.8	30.2	0.1	559.2	492.4	467.1	421.7	391.8	319.6	-4.5	0.2	0.5	214.1	202.5	-150.08	6.57	328	0	0	10	10	2090	0	59	59	8	
7	9	0	1	1	445	nan	2122	26.1	28	27.1	28.1	26.3	27.8	30.2	0.1	559.2	492.4	467.1	421.7	391.8	319.6	-4.5	0.2	0.5	214.1	202.5	-150.16	6.57	328	0	0	10	10	2090	0	59	59	8	
7	9	0	1	1	446	nan	2121	26.1	28	27.1	28.1	26.3	27.8	30.2	0.1	562	479.8	469.4	408.7	387.2	318.8	-4.3	0.2	0.5	214.1	202.5	-150.16	6.52	328	0	0	10	10	2090	0	59	59	8	
7	9	0	1	1	447	nan	2120	26.4	28.1	26.7	28.1	26.2	28.3	26.2	0.1	562	479.8	469.4	408.7	387.2	318.8	-4.3	0.1	0.5	214.1	202.3	-150.16	6.52	328	0	0	10	10	2090	0	59	59	8	
7	9	0	1	1	448	nan	2122	26.4	28.1	26.7	28.1	26.2	28.3	26.2	0.1	562	479.8	469.4	408.7	387.2	318.8	-4.3	0.1	0.5	214.1	202.3	-150.24	6.57	328	0	0	10	10	2090	0	59	59	8	
7	9	0	1	1	449	nan	2121	26.4	28.1	26.7	28.1	26.2	28.3	26.2	0.1	561	485.3	467.7	420.7	397.6	326.8	-3.9	0.2	0.5	214.1	202.2	-150.24	6.57	328	0	0	10	10	2090	0	59	60	8	
7	9	0	1	1	450	nan	2120	26.7	26.8	28.1	27.9	27.6	28.3	26.2	0.1	561	485.3	467.7	420.7	397.6	326.8	-3.9	0.2	0.5	214.1	202.2	-150.16	6.57	328	0	0	10	10	2090	0	60	60	8	
7	9	0	1	1	451	nan	2122	26.7	26.8	28.1	27.9	27.6	28.3	26.2	0.1	569	511.3	492.8	436.3	415	342.2	-4.6	0.2	0.5	214.5	202.4	-150.16	6.57	328	0	0	10	10	2090	0	60	60	8	
7	9	0	1	1	452	nan	2122	26.7	26.8	28.1	27.9	27.6	28.3	26.2	0.1	569	511.3	492.8	436.3	415	342.2	-4.6	0.2	0.5	214.5	202.4	-150.16	6.57	328	0	0	10	10	2090	0	60	60	8	
7	9	0	1	1	453	nan	2121	26.7	26.8	28.1	27.9	27.6	28.4	28.1	0.1	590.3	512.2	495.3	442.7	416.5	353.3	-4	0.2	0.5	214.5	202.4	-150.16	6.75	328	0	0	10	10	2090	0	60	60	8	
7	9	0	1	1	454	nan	2122	26.7	26.8	28.1	27.9	27.6	28.4	28.1	0.1	590.3	512.2	495.3	442.7	416.5	353.3	-4	0.1	0.5	214.2	201.9	-150.16	6.75	328	0	0	10	10	2090	0	60	60	8	
7	9	0	1	1	455	nan	2121	27	28.6	26.9	27.4	26.4	28.4	28.1	0.1	590.3	512.2	495.3	442.7	416.5	353.3	-4	0.1	0.5	214.2	201.9	-150.16	6.74	328	0	0	10	10	2090	0	60	60	8	
7	9	0	1	1	456	nan	2122	27	28.6	26.9	27.4	26.4	29.3	29.2	0.1	577.7	512.9	499.6	441.1	416.3	351.2	-3.8	0.1	0.5	213.8	201.4	-150.16	6.74	328	0	0	10	10	2090	0	60	60	8	
7	9	0	1	1	457	nan	2121	27	28.6	26.9	27.4	26.4	29.3	29.2	0.1	577.7	512.9	499.6	441.1	416.3	351.2	-3.8	0.1	0.5	213.8	201.4	-150.08	6.73	328	0	0	10	10	2090	0	60	60	8	
7	9	0	1	1	458	nan	2122	26.7	27.3	27.2	27.4	28.4	29.3	29.2	0.1	577.7	512.9	499.6	441.1	416.3	351.2	-3.8	0.2	0.5	213.3	201.6	-150.08	6.73	328	0	0	10	10	2090	0	60	61	8	
7	9	0	1	1	459	nan	2121	26.7	27.3	27.2	27.4	28.4	28.3	29.1	0.1	577.7	512.9	499.6	441.1	416.3	351.2	-3.8	0.2	0.5	213.3	201.6	-150.16	6.73	328	0	0	10	10	2090	0	61	61	8	
7	9	0	1	1	520	nan	2121	27.3	28.5	27.8	28	26.9	29.7	28.3	0.1	596.1	527.8	515.9	457.4	439.3	373.4	-3.6	0.2	0.5	209	198.8	-150.16	6.83	328	0	0	10	10	2090	0	61	61	8	
7	9	0	1	1	521	nan	2121	27.3	28.5	27.8	28	26.9	29.7	28.3	0.1	596.1	527.8	515.9	457.4	439.3	373.4	-3.6	0.2	0.5	209	198.7	-150.16	6.83	328	0	0	10	10	2090	0	61	61	8	
7	9	0	1	1	522	nan	2121	27.3	28.5	27.8	28	26.9	29.7	28.3	0.1	596.1	527.8	515.9	457.4	439.3	373.4	-3.6	0.2	0.5	209	198.7	-150.24	6.83	328	0	0	10	10	2090	0	61	61	8	
7	9	0	1	1	523	nan	2122	27.3	28.5	27.8	28	26.9	29.7	28.3	0.1	601.5	531.4	514.4	463.8	445	374.8	-3.9	0.2	0.5	208.9	198.7	-150.24	6.83	328	0	0	10	10	2090	0	61	61	8	
7	9	0	1	1	524	nan	2122	27.3	28.5	27.8	28	26.9	29.7	28.3	0.1	601.5	531.4	514.4	463.8	445	374.8	-3.9	0.2	0.5	208.9	198.7	-150.16	6.83	328	0	0	10	10	2090	0	61	61	8	
7	9	0	1	1	525	nan	2122	27.3	29.2	26.7	28.7	26.4	29.7	28.3	0.1	599.4	530.6	509.6	467.4	436.7	371	-4.4	0.2	0.5	208.9	198.7	-150.16	6.85	328	0	0	10	10	2090	0	61	61	8	
7	9	0	1	1	526	nan	2121	27.3	29.2	26.7	28.7	26.4	28.3	30.2	0.1	599.4	530.6	509.6	467.4	436.7	371	-4.4	4.7	0.5	209	198.7	-150.16	6.85	328	0	0	10	10	2090	0	61	61	8	
7	9	0	1	1	527	nan	2122	27.3	29.2	26.7	28.7	26.4	28.3	30.2	0.1	599.4	530.6	509.6	467.4	436.7	371	-4.4	4.7	0.5	209	198.7	-150.08	6.86	328	0	0	10	10	2090	0	61	61	8	
7	9	0	1	1	528	nan	2121	27.5	27.7	27.6	29.1	28.2	28.3	30.2	0.1	601.3	527.6	509.8	463.6	444.5	368.5	-3.9	4.7	0.5	209	198.6	-150.08	6.86	328	0	0	10	10	2090	0	61	63	8	
7	9	0	1	1	529	nan	2121	27.5	27.7	27.6	29.1	28.2	29.3	26.4	0.1	601.3	527.6	509.8	463.6	444.5	368.5	-3.9	4.7	0.5	209	198.6	-150.16	6.87	328	0	0	10	10	2090	0	63	63	8	
7	9	0	1	1	530	nan	2120	27.5	27.7	27.6	29.1	28.2	29.3	26.4	0.1	626.5	553	528.5	490.7	458.4	416.1	-3.7	4.8	0.5	209	194.1	-150.16	6.87	328	0	0	10	10	2090	0	63	63	8	
7	9	0	1	1	531	nan	2120	27.4	29.1	28.4	28.9	27.7	29.3	26.4	0.1	626.5	553	528.5	490.7	458.4	416.1	-3.7	4.8	0.5	209	194.1	-150.24	6.87	328	0	0	10	10	2090	0	63	63	8	
7	9	0	1	1	532	nan	2120	27.4	29.1	28.4	28.9	27.7	28.4	29.2	0.1	627.1	563	555.4	507.4	490.4	416.9	-5.1	4.8	0.5	209	194.1	-150.24	7.04	328	0	0	10	10	2090	0	63	63	8	
7	9	0	1	1	533	nan	2120	27.4	29.1	28.4	28.9	27.7	28.4	29.2	0.1	627.1	563	555.4	507.4	490.4	416.9	-5.1	12.3	0.5	199.1	189.8	-150.24	7.04	328	0	0	10	10	2090	0	63	63	8	
7	9	0	1	1	534	nan	2121	27.4	29.1	28.4	28.9	27.7	28.4	29.2	0.1	627.1	563	555.4	507.4	490.4	416.9	-5.1	12.3	0.5	199.1	189.8	-150.16	7.04	328	0	0	10	10	2090	0	63	63	8	
7	9	0	1	1	535	nan	2120	27.4	29.1	28.4	28.9	27.7	28.4	29.2	0.1	634.6	565.1	558.4	495.9	481.8	417.2	-3.6	14.7	0.5	198.8	190.9	-150.16	7.04	328	0	0	10	10	2090	0	63	63	8	
7	9	0	1	1	536	nan	2121	27.2	27.7	27	28.5	29	28.4	29.2	0.1	634.6	565.1	558.4	495.9	481.8	417.2	-3.6	14.7	0.5	198.8	190.9	-150.16	7.04	328	0	0	10	10	2090	0	63	63	8	
7	9	0	1	1	537	nan	2121	27.2	27.7	27	28.5	29	28.7	29.9	0.1	627.2	563.2	559.1	506.1	485.7	418.7	-4	16.3	0.5	198.2	190.9	-150.16	7.04	328	0	0	10	10	2090	0	63	63	8	
7	9	0	1	1	538	nan	2120	27.2	27.7	27	28.5	29	28.7	29.9	0.1	627.2	563.2	559.1	506.1	485.7	418.7	-4	16.3	0.5	198.2	190.9	-150.08	7.04	328	0	0	10	10	2090	0	63	63	8	
7	9	0	1	1	539	nan	2121	27.3	27.3	27.7	28.7	28	28.7	29.9	0.1	626	565.8	558.4	509.7	484.7	419.7	-3.6	16.3	0.5	198.2	190.9	-150.08	7.07	328	0	0	10	10	2090	0	63	63	8	
7	9	0	1	1	540	nan	2120	27.3	27.3	27.7	28.7	28	28.6	29.8	0.1	626	565.8	558.4	509.7	484.7	419.7	-3.6	16.4	0.5	197.9	190.9	-150.08	7.07	328	0	0	10	10	2090	0	63	63	8	
7	9	0	1	1	541	nan	2121	27.3	27.3	27.7	28.7	28	28.6	29.8	0.1	626	565.8	558.4	509.7	484.7	419.7	-3.6	16.4	0.5	197.9	190.9	-150.16	7.06	328	0	0	10	10	2090	0	63	63	8	
7	9	0	1	1	542	nan	2120	27.3	27.3	27.7	28.7	28	28.6	29.8	0.1	641.1	566.1	559.6	501.9	490.2	417.8	-4.2	0.2	0.5	198.1	190.9	-150.16	7.06	328	0	0	10	10	2090	0	63	63	8	
7	9	0	1	1	543	nan	2120	27.3	28.9	28.2	28.2	26.6	29.1	30	0.1	641.1	566.1	559.6	501.9	490.2	417.8	-4.2	0.2	0.5	198.1	190.9	-150.08	7.07	328	0	0	10	10	2090	0	63	63	8	
7	9	0	1	1	544	nan	2120	27.3	28.9	28.2	28.2	26.6	29.1	30	0.1	633.3	565.7	548	505.1	486.1	419.2	-3.6	0.2	0.5	198.2	190.9	-150.08	7.07	328	0	0	10	10	2090	0	63	63	8	
7	9	0	1	1	545	nan	2120	27.3	28.9	28.2	28.2	26.6	29.1	30	0.1	633.3	565.7	548	505.1	486.1	419.2	-3.6	0.2	0.5	198.2	190.9	-150.16	7.07	328	0	0	10	10	2090	0	63	63	8	
7	9	0	1	1	546	nan	2120	27.3	28.9	28.2	28.2	26.6	29.1	30	0.1	635.8	564	557.1	494.6	482.4	414.2	-3.7	0.2	0.5	198.2	190.9	-150.16	7.04	328	0	0	10	10	2090	0	63	63	8	
7	9	0	1	1	547	nan	2121	27.3	28.9	28.2	28.2	26.6	29.1	30	0.1	635.8	564	557.1	494.6	482.4	414.2	-3.7	0.2	0.5	198.2	191	-150.16	7.04	328	0	0	10	10	2090	0	63	63	8	
7	9	0	1	1	548	nan	2120	27.4	28.5	28.1	28.3	27.8	29.2	31.1	0.1	635.8	564	557.1	494.6	482.4	414.2	-3.7	0.2	0.5	198.2	191	-150.16	7.07	328	0	0	10	10	2090	0	63	63	8	
7	9	0	1	1	549	nan	2121	27.4	28.5	28.1	28.3	27.8	29.2	31.1	0.1	632.1	556.8	552.9	506.7	489.7	416.5	-3.8	0.2	0.5	198.1	190.8	-150.16	7.07	328	0	0	10	10	2090	0	63	63	8	
7	9	0	1	1	550	nan	2121	27.4	28.5	28.1	28.3	27.8	29.2	31.1	0.1	632.1	556.8	552.9	506.7	489.7	416.5	-3.8	0.2	0.5	198.1	190.8	-150.24	7.02	328	0	0	10	10	2090	0	63	63	8	
7	9	0	1	1	551	nan	2121	27.6	27.9	27.7	28.6	28.3	29.2	31.1	0.1	639.2	563.8	556.4	502.6	484.4	415.4	-4	0.1	0.5	198	190.8	-150.24	7.02	328	0	0	10	10	2090	0	63	63.3	8	
7	9	0	1	1	552	nan	2121	27.6	27.9	27.7	28.6	28.3	28.1	29.4	0.1	639.2	563.8	556.4	502.6	484.4	415.4	-4	0.1	0.5	198	190.8	-150.16	7.02	328	0	0	10	10	2090	0	63.3	63.3	8	
7	9	0	1	1	553	nan	2120	27.6	27.9	27.7	28.6	28.3	28.1	29.4	0.1	639.2	563.8	556.4	502.6	484.4	415.4	-4	0.2	0.5	198	190.9	-150.16	7.05	328	0	0	10	10	2090	0	63.3	63.3	8	
7	9	0	1	1	554	nan	2122	27.5	29.2	27.8	29	29.2	28.1	29.4	0.1	639.2	563.8	556.4	502.6	484.4	415.4	-4	0.2	0.5	198	190.9	-150.16	7.05	328	0	0	10	10	2090	0	63.3	63.3	8	
7	9	0	1	1	555	nan	2120	27.5	29.2	27.8	29	29.2	29.2	29.3	0.1	639.2	563.8	556.4	502.6	484.4	415.4	-4	0.2	0.5	198	190.9	-150.16	7.08	328	0	0	10	10	2090	0	63.3	63.3	8	
7	9	0	1	1	556	nan	2121	27.5	29.2	27.8	29	29.2	29.2	29.3	0.1	639.6	569.2	561.6	512.8	496.4	426.6	-4	0.2	0.5	197.4	189	-150.16	7.08	328	0	0	10	10	2090	0	63.3	63.3	8	
7	9	0	1	1	557	nan	2121	27.5	29.2	27.8	29	29.2	29.2	29.3	0.1	639.6	569.2	561.6	512.8	496.4	426.6	-4	0.2	0.5	197.4	189	-150.16	7.1	328	0	0	10	10	2090	0	63.3	63.3	8	
7	9	0	1	1	558	nan	2121	27.5	29.2	27.8	29	29.2	29.2	29.3	0.1	639.6	569.2	561.6	512.8	496.4	426.6	-4	0.1	0.5	197.2	189	-150.16	7.1	328	0	0	10	10	2090	0	63.3	63.3	8	
7	9	0	1	1	559	nan	2121	27.5	29.2	27.8	29	29.2	29.2	29.3	0.1	639.6	569.2	561.6	512.8	496.4	426.6	-4	0.1	0.5	197.2	189	-150.16	7.1	328	0	0	10	10	2090	0	63.3	63.3	8	
7	9	0	1	1	560	nan	2121	27.3	29	27.4	28.8	27.3	28.3	28.4	0.1	637.8	575.6	561.9	509.6	496.9	425.4	-4.1	0.1	0.5	196.9	189.1	-150.16	7.09	328	0	0	10	10	2090	0	63.3	63.3	8	
7	9	0	1	1	561	nan	2121	27.3	29	27.4	28.8	27.3	28.3	28.4	0.1	637.8	575.6	561.9	509.6	496.9	425.4	-4.1	0.1	0.5	196.9	189.1	-150.16	7.09	328	0	0	10	10	2090	0	63.3	63.3	8	
7	9	0	1	1	562	nan	2120	27.3	29	27.4	28.8	27.3	28.3	28.4	0.1	637.8	575.6	561.9	509.6	496.9	425.4	-4.1	0.1	0.5	196.9	189.1	-150.16	7.1	328	0	0	10	10	2090	0	63.3	63.3	8	
7	9	0	1	1	563	nan	2121	27.5	28.3	28.2	29	27.2	28.7	30.1	0.1	636.3	567.1	563.7	514	497.3	428.7	-4.4	0.2	0.5	196.8	189.1	-150.16	7.1	328	0	0	10	10	2090	0	63.3	63.3	8	
7	9	0	1	1	564	nan	2121	27.5	28.3	28.2	29	27.2	28.7	30.1	0.1	636.3	567.1	563.7	514	497.3	428.7	-4.4	0.2	0.5	196.8	189.1	-150.16	7.12	328	0	0	10	10	2090	0	63.3	63.3	8	
7	9	0	1	1	565	nan	2120	27.5	28.3	28.2	29	27.2	28.7	30.1	0.1	637.5	572.9	559.9	510.3	494.8	427.4	-3.5	0.2	0.5	196.8	189	-150.16	7.12	328	0	0	10	10	2090	0	63.3	63.3	8	
7	9	0	1	1	566	nan	2121	27.6	29.3	28	29.1	29.1	28.1	29.9	0.1	637.5	572.9	559.9	510.3	494.8	427.4	-3.5	0.2	0.5	196.8	189	-150.16	7.12	328	0	0	10	10	2090	0	63.3	63.6	8	
7	9	0	1	1	567	nan	2120	27.6	29.3	28	29.1	29.1	28.1	29.9	0.1	641.9	572	563.9	512.4	496.9	427.5	-4.5	0.2	0.5	196.8	189	-150.16	7.1	328	0	0	10	10	2090	0	63.6	63.6	8	
7	9	0	1	1	568	nan	2121	27.6	29.3	28	29.1	29.1	28.1	29.9	0.1	641.9	572	563.9	512.4	496.9	427.5	-4.5	0.2	0.5	196.8	189	-150.16	7.1	328	0	0	10	10	2090	0	63.6	63.6	8	
7	9	0	1	1	569	nan	2122	27.6	29	28.2	29.2	28.3	28.1	29.9	0.1	641.9	572	563.9	512.4	496.9	427.5	-4.5	0.2	0.5	196.8	189	-150.16	7.12	328	0	0	10	10	2090	0	63.6	63.6	8	
7	9	0	1	1	570	nan	2121	27.6	29	28.2	29.2	28.3	28.1	29.9	0.1	644.5	577.8	570.4	510.2	495.7	426.2	-3.7	0.2	0.5	196.7	189.1	-150.16	7.12	328	0	0	10	10	2090	0	63.6	63.6	8	
7	9	0	1	1	571	nan	2120	27.6	29	28.2	29.2	28.3	28.1	29.9	0.1	644.5	577.8	570.4	510.2	495.7	426.2	-3.7	0.2	0.5	196.7	189.1	-150.16	7.12	328	0	0	10	10	2090	0	63.6	63.6	8	
7	9	0	1	1	572	nan	2119	27.6	29	28.2	29.2	28.3	30	30.5	0.1	642.9	572	571.8	517.4	500.3	431.2	-4.2	0.2	0.5	195.1	189.3	-150.16	7.12	328	0	0	10	10	2090	0	63.6	63.6	8	
7	9	0	1	1	573	nan	2119	27.6	29	28.2	29.2	28.3	30	30.5	0.1	642.9	572	571.8	517.4	500.3	431.2	-4.2	0.2	0.5	195.1	189.3	-150.16	7.16	328	0	0	10	10	2090	0	63.6	63.6	8	
7	9	0	1	1	574	nan	2121	27.6	28.2	27.6	29.3	26.8	30	30.5	0.1	642.9	572	571.8	517.4	500.3	431.2	-4.2	0.1	0.5	195.2	189.3	-150.16	7.16	328	0	0	10	10	2090	0	63.6	63.6	8	
7	9	0	1	1	575	nan	2119	27.6	28.2	27.6	29.3	26.8	29.3	28.3	0.1	642.9	572	571.8	517.4	500.3	431.2	-4.2	0.1	0.5	195.2	189.3	-150.16	7.16	328	0	0	10	10	2090	0	63.6	63.6	8	
7	9	0	1	1	576	nan	2119	27.6	28.2	27.6	29.3	26.8	29.3	28.3	0.1	642.9	572	571.8	517.4	500.3	431.2	-4.2	0.1	0.5	195.2	189.3	-150.24	7.1	328	0	0	10	10	2090	0	63.6	63.6	8	
7	9	0	1	1	577	nan	2121	27.5	28	27.7	28.4	29	29.3	28.3	0.1	638.8	575.6	565.3	514.9	498.9	436.5	-4.1	0.2	0.5	195.1	189.3	-150.24	7.1	328	0	0	10	10	2090	0	63.6	63.6	8	
7	9	0	1	1	578	nan	2121	27.5	28	27.7	28.4	29	29.1	30.6	0.1	638.8	575.6	565.3	514.9	498.9	436.5	-4.1	0.2	0.5	195.1	189.3	-150.16	7.12	328	0	0	10	10	2090	0	63.6	63.6	8	
7	9	0	1	1	579	nan	2122	27.5	28	27.7	28.4	29	29.1	30.6	0.1	640.3	577.1	568.7	516.2	499.8	428.1	-4.4	0.2	0.5	195	189.4	-150.16	7.12	328	0	0	10	10	2090	0	63.6	63.6	8	
7	9	0	1	1	580	nan	2120	27.3	28.7	27.5	28.6	29	29.1	30.6	0.1	640.3	577.1	568.7	516.2	499.8	428.1	-4.4	0.2	0.5	195	189.4	-150.08	7.14	328	0	0	10	10	2090	0	63.6	63.6	8	
7	9	0	1	1	581	nan	2120	27.3	28.7	27.5	28.6	29	29.6	31.5	0.1	643.5	572.1	569.2	515.9	498.7	434.2	-4.5	17	0.5	195	189.4	-150.08	7.14	328	0	0	10	10	2090	0	63.6	63.6	8	
7	9	0	1	1	582	nan	2119	27.3	28.7	27.5	28.6	29	29.6	31.5	0.1	643.5	572.1	569.2	515.9	498.7	434.2	-4.5	17	0.5	195	189.4	-150.08	7.14	328	0	0	10	10	2090	0	63.6	63.8	8	
7	9	0	1	1	583	nan	2121	27.3	28.7	27.5	28.6	29	29.6	31.5	0.1	643.5	572.1	569.2	515.9	498.7	434.2	-4.5	17	0.5	195	189.4	-150.24	7.12	328	0	0	10	10	2090	0	63.8	63.8	8	
7	9	0	1	1	644	nan	2121	28.2	28.1	28.3	29.4	29.6	29.4	28.5	0.1	646.7	580.7	571.3	520	500.9	434.3	-4.4	19.7	0.5	194.2	188.1	-150.16	7.65	328	0	0	10	10	2092	0	63.8	63.8	8	
7	9	0	1	1	645	nan	2121	28.2	28.1	28.3	29.4	29.6	29.4	28.5	0.1	646.7	580.7	571.3	520	500.9	434.3	-4.4	19.7	0.5	194.2	188.1	-150.16	7.65	328	0	0	10	10	2092	0	63.8	63.8	8	
7	9	0	1	1	646	nan	2121	27.9	29	28.3	29	28.6	29.4	28.5	0.1	649	578.2	571.6	519	508.5	440.7	-4.7	19.7	0.5	194.3	188.1	-150.16	7.72	328	0	0	10	10	2092	0	63.8	63.8	8	
7	9	0	1	1	647	nan	2120	27.9	29	28.3	29	28.6	29.2	29.1	0.1	649	578.2	571.6	519	508.5	440.7	-4.7	19.7	0.5	194.3	188.1	-150.16	7.72	328	0	0	10	10	2092	0	63.8	63.8	8	
7	9	0	1	1	648	nan	2119	27.9	29	28.3	29	28.6	29.2	29.1	0.1	649	578.2	571.6	519	508.5	440.7	-4.7	19.7	0.5	194.3	188.1	-150.16	7.73	328	0	0	10	10	2092	0	63.8	63.8	8	
7	9	0	1	1	649	nan	2120	28.1	29.4	30	29.2	28.5	29.2	29.1	0.1	645.4	575.9	571.2	521.5	501.5	437.6	-4.5	19.7	0.5	194.2	188	-150.16	7.73	328	0	0	10	10	2092	0	63.8	63.8	8	
7	9	0	1	1	650	nan	2119	28.1	29.4	30	29.2	28.5	28.9	29.4	0.1	645.4	575.9	571.2	521.5	501.5	437.6	-4.5	19.7	0.5	194.2	188	-150.16	7.78	328	0	0	10	10	2092	0	63.8	63.8	8	
7	9	0	1	1	651	nan	2119	28.1	29.4	30	29.2	28.5	28.9	29.4	0.1	650	578.4	565.5	516.5	506.3	435.8	-4.2	19.7	0.5	194.1	188	-150.16	7.78	328	0	0	10	10	2092	0	63.8	63.8	8	
7	9	0	1	1	652	nan	2119	28.1	29.4	30	29.2	28.5	28.9	29.4	0.1	650	578.4	565.5	516.5	506.3	435.8	-4.2	19.7	0.5	194.1	188	-150.16	7.78	328	0	0	10	10	2092	0	63.8	63.8	8	
7	9	0	1	1	653	nan	2119	28.1	29.4	30	29.2	28.5	28.9	29.4	0.1	648.7	580.6	570.2	518.9	503.2	438	-4.4	19.7	0.5	194.2	188	-150.16	7.79	328	0	0	10	10	2092	0	63.8	63.8	8	
7	9	0	1	1	654	nan	2119	28.1	29.4	30	29.2	28.5	28.9	29.4	0.1	648.7	580.6	570.2	518.9	503.2	438	-4.4	19.7	0.5	194.2	188	-150.16	7.79	328	0	0	10	10	2092	0	63.8	63.8	8	
7	9	0	1	1	655	nan	2120	28.2	29.3	29.5	29.5	27.3	28.3	30.8	0.1	648.7	580.6	570.2	518.9	503.2	438	-4.4	19.7	0.5	194.2	188	-150.16	7.81	328	0	0	10	10	2092	0	63.8	63.8	8	
7	9	0	1	1	656	nan	2119	28.2	29.3	29.5	29.5	27.3	28.3	30.8	0.1	652.6	577.6	563	518.4	504.9	440	-4.4	19.6	0.5	194.2	188	-150.16	7.81	328	0	0	10	10	2092	0	63.8	63.8	8	
7	9	0	1	1	657	nan	2118	27.9	29.9	28.9	29.3	27.3	28.3	30.8	0.1	652.6	577.6	563	518.4	504.9	440	-4.4	19.6	0.5	194.2	188	-150.24	7.89	328	0	0	10	10	2092	0	63.8	63.8	8	
7	9	0	1	1	658	nan	2121	27.9	29.9	28.9	29.3	27.3	30	29.2	0.1	645.5	575.8	573	520.1	504.6	440.6	-4.2	19.6	0.5	194.1	187.8	-150.24	7.89	328	0	0	10	10	2092	0	63.8	63.8	8	
7	9	0	1	1	659	nan	2119	27.9	29.9	28.9	29.3	27.3	30	29.2	0.1	645.5	575.8	573	520.1	504.6	440.6	-4.2	19.6	0.5	194.1	187.8	-150.16	7.89	328	0	0	10	10	2092	0	63.8	63.8	8	
7	9	0	1	1	660	nan	2119	27.6	28.3	27.8	29.3	28	30	29.2	0.1	645.1	581.6	562.8	523.5	503.2	434.3	-4.2	19.6	0.5	194.1	187.9	-150.16	7.89	328	0	0	10	10	2092	0	63.8	63.8	8	
7	9	0	1	1	661	nan	2117	27.6	28.3	27.8	29.3	28	28.7	31.1	0.1	645.1	581.6	562.8	523.5	503.2	434.3	-4.2	19.6	0.5	194.1	187.9	-150.16	7.89	328	0	0	10	10	2092	0	63.8	63.8	8	
7	9	0	1	1	662	nan	2118	27.6	28.3	27.8	29.3	28	28.7	31.1	0.1	645.1	581.6	562.8	523.5	503.2	434.3	-4.2	19.6	0.5	194.1	187.9	-150.16	7.89	328	0	0	10	10	2092	0	63.8	63.8	8	
7	9	0	1	1	663	nan	2119	27.6	28.3	27.8	29.3	28	28.7	31.1	0.1	638.9	578.5	572.3	516	505.1	438.7	-3.9	19.6	0.5	194.1	188	-150.16	7.89	328	0	0	10	10	2092	0	63.8	63.8	8	
7	9	0	1	1	664	nan	2118	28.2	29.7	28.4	29.5	28.5	28.7	31.1	0.1	638.9	578.5	572.3	516	505.1	438.7	-3.9	19.6	0.5	194.1	188	-150.16	8.02	328	0	0	10	10	2092	0	63.8	63.8	8	
7	9	0	1	1	665	nan	2118	28.2	29.7	28.4	29.5	28.5	28.7	31.1	0.1	646.4	581.6	573	520.9	500.6	436.2	-4.4	19.6	0.5	194.2	188	-150.16	8.02	328	0	0	10	10	2092	0	63.8	63.8	8	
7	9	0	1	1	666	nan	2118	28.2	29.7	28.4	29.5	28.5	29.2	29.9	0.1	646.4	581.6	573	520.9	500.6	436.2	-4.4	19.6	0.5	194.2	188	-150.24	7.98	328	0	0	10	10	2092	0	63.8	63.8	8	
7	9	0	1	1	667	nan	2118	28.2	29.7	28.4	29.5	28.5	29.2	29.9	0.1	644.1	577.3	568.1	522.4	507.5	435.5	-4.5	19.7	0.5	194.1	187.9	-150.24	7.98	328	0	0	10	10	2092	0	63.8	63.8	8	
7	9	0	1	1	668	nan	2118	28.2	29.7	28.4	29.5	28.5	29.2	29.9	0.1	644.1	577.3	568.1	522.4	507.5	435.5	-4.5	19.7	0.5	194.1	187.9	-150.24	7.98	328	0	0	10	10	2092	0	63.8	63.8	8	
7	9	0	1	1	669	nan	2118	28.5	29	28.1	29.6	27.9	29.7	29.3	0.1	644.1	577.3	568.1	522.4	507.5	435.5	-4.5	19.7	0.5	194.1	187.9	-150.24	8.11	328	0	0	10	10	2092	0	63.8	63.8	8	
7	9	0	1	1	670	nan	2118	28.5	29	28.1	29.6	27.9	29.7	29.3	0.1	644.3	576.6	570.7	515.1	503	436.4	-3.8	19.7	0.5	194.2	187.8	-150.24	8.11	328	0	0	10	10	2092	0	63.8	63.8	8	
7	9	0	1	1	671	nan	2118	28.5	29	28.1	29.6	27.9	29.7	29.3	0.1	644.3	576.6	570.7	515.1	503	436.4	-3.8	19.7	0.5	194.2	187.8	-150.16	8.09	328	0	0	10	10	2092	0	63.8	63.8	8	
7	9	0	1	1	672	nan	2118	28.1	28.8	28.3	29.9	28.9	30.1	29.1	0.1	646.5	580.9	569.8	522.6	502.5	438.9	-4.4	20	0.5	194.2	187.8	-150.16	8.09	328	0	0	10	10	2092	0	63.8	63.8	8	
7	9	0	1	1	673	nan	2119	28.1	28.8	28.3	29.9	28.9	30.1	29.1	0.1	646.5	580.9	569.8	522.6	502.5	438.9	-4.4	20	0.5	194.2	187.8	-150.16	8.12	328	0	0	10	10	2092	0	63.8	63.8	8	
7	9	0	1	1	674	nan	2119	28.1	28.8	28.3	29.9	28.9	30.1	29.1	0.1	639.8	577.7	570	519.6	508.9	441.4	-5.1	20	0.5	194.1	187.8	-150.16	8.12	328	0	0	10	10	2092	0	63.8	63.8	8	
7	9	0	1	1	675	nan	2120	28.4	30.2	29.6	29.6	29.8	30.1	29.3	0.1	639.8	577.7	570	519.6	508.9	441.4	-5.1	20	0.5	194.1	187.8	-150.16	8.12	328	0	0	10	10	2092	0	63.8	63.8	8	
7	9	0	1	1	676	nan	2118	28.4	30.2	29.6	29.6	29.8	30.1	29.3	0.1	639.8	577.7	570	519.6	508.9	441.4	-5.1	20	0.5	194.1	187.8	-150.08	8.12	328	0	0	10	10	2092	0	63.8	63.8	8	
7	9	0	1	1	677	nan	2118	28.4	30.2	29.6	29.6	29.8	30.1	29.3	0.1	641.3	576.3	569.2	528.4	507.8	440	-4	19.6	0.5	194.1	187.8	-150.08	8.12	328	0	0	10	10	2092	0	63.8	63.8	8	
7	9	0	1	1	678	nan	2117	28.4	30.2	29.6	29.6	29.8	30.1	29.3	0.1	641.3	576.3	569.2	528.4	507.8	440	-4	19.6	0.5	194.1	187.8	-150.16	8.24	328	0	0	10	10	2092	0	63.8	63.8	8	
7	9	0	1	1	679	nan	2117	28.4	30.2	29.6	29.6	29.8	30.1	29.3	0.1	650.1	578.7	566.6	521.6	500.2	433.1	-4.1	19.6	0.5	194.2	187.8	-150.16	8.24	328	0	0	10	10	2092	0	63.8	63.8	8	
7	9	0	1	1	680	nan	2118	27.6	30.3	29.7	29.4	27	30.1	29.3	0.1	650.1	578.7	566.6	521.6	500.2	433.1	-4.1	19.6	0.5	194.2	187.8	-150.16	8.28	328	0	0	10	10	2092	0	63.8	63.8	8	
7	9	0	1	1	681	nan	2116	27.6	30.3	29.7	29.4	27	28.6	29.9	0.1	645.3	577	570.2	510.8	504.7	434.8	-4.2	19.7	0.5	194	187.9	-150.16	8.28	328	0	0	10	10	2092	0	63.8	63.8	8	
7	9	0	1	1	682	nan	2118	27.6	30.3	29.7	29.4	27	28.6	29.9	0.1	645.3	577	570.2	510.8	504.7	434.8	-4.2	19.7	0.5	194	187.9	-150.16	8.28	328	0	0	10	10	2092	0	63.8	63.8	8	
7	9	0	1	1	683	nan	2117	28.2	29.3	27.8	29.9	27.8	28.6	29.9	0.1	645.3	577	570.2	510.8	504.7	434.8	-4.2	19.7	0.5	194	187.9	-150.16	8.33	328	0	0	10	10	2092	0	65	65	8	
7	9	0	1	1	684	nan	2117	28.2	29.3	27.8	29.9	27.8	29.9	28.9	0.1	650.2	581.5	571.2	515.4	507.1	436.4	-4.3	20	0.5	193.9	187.9	-150.16	8.33	328	0	0	10	10	2092	0	65	65	8	
7	9	0	1	1	685	nan	2114	28.2	29.3	27.8	29.9	27.8	29.9	28.9	0.1	650.2	581.5	571.2	515.4	507.1	436.4	-4.3	20	0.5	193.9	187.9	-150.24	8.47	328	0	0	10	10	2092	0	65	65	8	
7	9	0	1	1	686	nan	2117	28.2	29.6	29.7	29.2	28.5	29.9	28.9	0.1	665.8	604.4	597.6	552.2	533.3	465.2	-4.3	20	0.5	190.7	183.3	-150.24	8.47	328	0	0	10	10	2092	0	65	65	8	
7	9	0	1	1	687	nan	2114	28.2	29.6	29.7	29.2	28.5	30.3	31.8	0.1	665.8	604.4	597.6	552.2	533.3	465.2	-4.3	20	0.5	190.7	183.3	-150.16	8.57	328	0	0	10	10	2092	0	65	65	8	
7	9	0	1	1	688	nan	2114	28.2	29.6	29.7	29.2	28.5	30.3	31.8	0.1	671.1	603.3	599.5	550.2	538.7	476.6	-4.3	21.7	0.5	188.1	183.3	-150.16	8.57	328	0	0	10	10	2092	0	65	65	8	
7	9	0	1	1	689	nan	2117	28.2	29.6	29.7	29.2	28.5	30.3	31.8	0.1	671.1	603.3	599.5	550.2	538.7	476.6	-4.3	21.7	0.5	188.1	183.3	-150.16	8.57	328	0	0	10	10	2092	0	65	65	8	
7	9	0	1	1	690	nan	2120	28.2	29.6	29.7	29.2	28.5	30.3	31.8	0.1	671.1	603.3	599.5	550.2	538.7	476.6	-4.3	21.7	0.5	188.1	183.3	-150.16	8.65	328	0	0	10	10	2092	0	65	65	8	
7	9	0	1	1	691	nan	2118	28.2	29.6	29.7	29.2	28.5	30.3	31.8	0.1	667.9	603.6	600.5	549.9	533.1	475.6	-5.1	22.7	0.5	188	183.4	-150.16	8.65	328	0	0	10	10	2096	0	65	65	8	
7	9	0	1	1	692	nan	2121	28.3	30.1	28	29.7	27.3	30.7	32	0.1	667.9	603.6	600.5	549.9	533.1	475.6	-5.1	22.7	0.5	188	183.4	-150.16	8.75	328	0	0	10	10	2096	0	65	65	8	
7	9	0	1	1	693	nan	2115	28.3	30.1	28	29.7	27.3	30.7	32	0.1	667.9	603.6	600.5	549.9	533.1	475.6	-5.1	24.2	0.5	187.7	183.4	-150.16	8.75	328	0	0	10	10	2096	0	65	65	8	
7	9	0	1	1	694	nan	2117	28.3	30.1	28	29.7	27.3	30.7	32	0.1	667.9	603.6	600.5	549.9	533.1	475.6	-5.1	24.2	0.5	187.7	183.4	-150.24	8.68	328	0	0	10	10	2096	0	65	65	8	
7	9	0	1	1	695	nan	2119	28	28.7	27.5	29.4	28.2	29.3	28.5	0.1	668.2	606.4	602.3	551.5	536.6	473.5	-4.8	24.2	0.5	187.8	183.5	-150.24	8.68	328	0	0	10	10	2096	0	65	65	8	
7	9	0	1	1	696	nan	2117	28	28.7	27.5	29.4	28.2	29.3	28.5	0.1	668.2	606.4	602.3	551.5	536.6	473.5	-4.8	24.2	0.5	187.8	183.5	-150.24	8.68	328	0	0	10	10	2096	0	65	65	8	
7	9	0	1	1	697	nan	2116	28	28.7	27.5	29.4	28.2	29.3	28.5	0.1	674	605.8	593.5	552	535.7	474.2	-5.6	24.2	0.5	187.8	183.5	-150.24	8.81	328	0	0	10	10	2096	0	65	65	8	
7	9	0	1	1	698	nan	2122	28.3	29.6	30.1	29.4	28	30.1	29.7	0.1	674	605.8	593.5	552	535.7	474.2	-5.6	28.3	0.5	188	183.5	-150.24	8.81	328	0	0	10	10	2096	0	65	65	8	
7	9	0	1	1	699	nan	2119	28.3	29.6	30.1	29.4	28	30.1	29.7	0.1	674	605.8	593.5	552	535.7	474.2	-5.6	28.3	0.5	188	183.5	-150.16	8.78	328	0	0	10	10	2096	0	65	65	8	
7	9	0	1	1	700	nan	2119	28.3	29.6	30.1	29.4	28	30.1	29.7	0.1	671	604	597.7	545.2	538.8	475.8	-4.8	28.8	0.5	187.8	183.6	-150.16	8.78	328	0	0	10	10	2096	0	65	65	8	
7	9	0	1	1	701	nan	2119	28.3	29.6	30.1	29.4	28	30.1	29.7	0.1	671	604	597.7	545.2	538.8	475.8	-4.8	28.8	0.5	187.8	183.6	-150.16	8.87	328	0	0	10	10	2096	0	65	67	8	
7	9	0	1	1	702	nan	2114	28.3	29.6	30.1	29.4	28	30.1	29.7	0.1	681.8	624.1	617.8	576.8	536.7	473.6	-4.2	29.5	0.5	187.8	183.5	-150.16	8.87	328	0	0	10	10	2096	0	67	67	8	
7	9	0	1	1	703	nan	2118	28.6	29.3	29	29.9	27.2	29.4	27.5	0.1	681.8	624.1	617.8	576.8	536.7	473.6	-4.2	29.5	0.5	187.8	183.5	-150.16	8.87	328	0	0	10	10	2096	0	67	67	8	
7	9	0	1	1	704	nan	2121	28.6	29.3	29	29.9	27.2	29.4	27.5	0.1	729.1	666.1	661.6	616.9	600.7	536.6	-4.4	29.5	0.5	187.8	183.5	-150.16	9.2	328	0	0	10	10	2096	0	67	67	8	
7	9	0	1	1	705	nan	2120	28.6	29.3	29	29.9	27.2	29.4	27.5	0.1	729.1	666.1	661.6	616.9	600.7	536.6	-4.4	32	0.5	178.1	175.9	-150.16	9.2	328	0	0	10	10	2096	0	67	67	8	
7	9	0	1	1	706	nan	2112	28.2	29.2	29.3	30.4	27.8	30.4	29.1	0.1	729.1	666.1	661.6	616.9	600.7	536.6	-4.4	32	0.5	178.1	175.9	-150.16	9.2	328	0	0	10	10	2096	0	67	67	8	
7	9	0	1	1	707	nan	2116	28.2	29.2	29.3	30.4	27.8	30.4	29.1	0.1	727	666.8	659.3	617.5	603	547.1	-4.7	35	0.5	177.7	176.1	-150.16	9.2	328	0	0	10	10	2096	0	67	67	8	
7	9	0	1	1	708	nan	2114	28.2	29.2	29.3	30.4	27.8	30.4	29.1	0.1	727	666.8	659.3	617.5	603	547.1	-4.7	35	0.5	177.7	176.1	-150.24	9.43	328	0	0	10	10	2096	0	67	67	8	
7	9	0	1	1	709	nan	2120	28.5	28.6	30	29.9	28.9	30.4	29.1	0.1	733	673	659.4	616.7	608.6	543.6	-4.7	37.9	0.5	177.3	176.4	-150.24	9.43	328	0	0	10	10	2096	0	67	67	8	
7	9	0	1	1	710	nan	2114	28.5	28.6	30	29.9	28.9	30.6	29.1	0.1	733	673	659.4	616.7	608.6	543.6	-4.7	37.9	0.5	177.3	176.4	-150.16	9.43	328	0	0	10	10	2096	0	67	67	8	
7	9	0	1	1	711	nan	2118	28.5	28.6	30	29.9	28.9	30.6	29.1	0.1	729.2	663.8	662.4	613.1	616.6	543.8	-4.6	37.9	0.5	177.3	176.4	-150.16	9.43	328	0	0	10	10	2096	0	67	67	8	
7	9	0	1	1	712	nan	2118	28.3	29.2	29.3	29.8	30	30.6	29.1	0.1	729.2	663.8	662.4	613.1	616.6	543.8	-4.6	38.7	0.5	177.3	176.4	-150.16	9.43	328	0	0	10	10	2096	0	67	67	8	
7	9	0	1	1	713	nan	2113	28.3	29.2	29.3	29.8	30	30.6	29.1	0.1	729.2	663.8	662.4	613.1	616.6	543.8	-4.6	38.7	0.5	177.3	176.4	-150.16	9.38	328	0	0	10	10	2096	0	67	67	8	
7	9	0	1	1	714	nan	2111	28.3	29.2	29.3	29.8	30	30.6	29.1	0.1	729.2	663.8	662.4	613.1	616.6	543.8	-4.6	40.9	0.5	177.4	176.5	-150.16	9.38	328	0	0	10	10	2096	0	67	55	8	
7	9	0	1	1	715	nan	2113	28.3	29.2	29.3	29.8	30	29.7	30.2	0.1	729.2	663.8	662.4	613.1	616.6	543.8	-4.6	40.9	0.5	177.4	176.5	-150.16	9.31	328	0	0	10	10	2096	0	55	55	8	
7	9	0	1	1	716	nan	2122	28.3	29.2	29.3	29.8	30	29.7	30.2	0.1	729.4	665.6	662.6	588.1	572.6	539.1	-4.6	42.6	0.7	177.4	176.6	-150.16	9.31	328	0	0	10	10	2096	0	55	55	8	
7	9	0	1	1	717	nan	2118	28.2	29.7	28.1	30	28.8	29.7	30.2	0.1	729.4	665.6	662.6	588.1	572.6	539.1	-4.6	42.6	0.7	177.4	176.6	-150.16	9.31	328	0	0	10	10	2096	0	55	55	8	
7	9	0	1	1	718	nan	2121	28.2	29.7	28.1	30	28.8	30.2	30.2	0.1	623	550.9	540	489.3	470.3	405.2	-4.9	42.6	0.7	177.4	176.6	-150.16	8.73	328	0	0	10	10	2096	0	55	55	8	
7	9	0	1	1	719	nan	2120	28.2	29.7	28.1	30	28.8	30.2	30.2	0.1	623	550.9	540	489.3	470.3	405.2	-4.9	39.6	0.5	204.9	198	-150.16	8.73	328	0	0	10	10	2096	0	55	66	8	
7	9	0	1	1	720	nan	2119	28.2	29.7	28.1	30	28.8	30.2	30.2	0.1	623	550.9	540	489.3	470.3	405.2	-4.9	39.6	0.5	204.9	198	-150.16	8.67	328	0	0	10	10	2096	0	66	66	8	
7	10	0	1	1	781	nan	2125	26.4	26.8	28	28	27.7	28.3	29.7	0.1	713.6	647.1	641.3	596.9	581.1	515.7	-3.3	39.4	0.5	184.2	181.2	-150.24	7.75	328	0	0	10	10	2096	0	66	66	8	
7	10	0	1	1	782	nan	2125	26.4	26.8	28	28	27.7	28.3	29.7	0.1	713.6	647.1	641.3	596.9	581.1	515.7	-3.3	40.7	0.5	184.3	181.4	-150.24	7.75	328	0	0	10	10	2096	0	66	66	8	
7	10	0	1	1	783	nan	2123	27.2	27.2	26.3	28.8	27.3	28.3	29.7	0.1	713.6	647.1	641.3	596.9	581.1	515.7	-3.3	40.7	0.5	184.3	181.4	-150.24	7.74	328	0	0	10	10	2096	0	66	66	8	
7	10	0	1	1	784	nan	2124	27.2	27.2	26.3	28.8	27.3	28.8	29	0.1	709.2	647.7	642.6	585.2	583.3	512.4	-4	41.3	0.5	184.3	181.4	-150.24	7.74	328	0	0	10	10	2096	0	66	66	8	
7	10	0	1	1	785	nan	2125	27.2	27.2	26.3	28.8	27.3	28.8	29	0.1	709.2	647.7	642.6	585.2	583.3	512.4	-4	41.3	0.5	184.3	181.4	-150.16	7.73	328	0	0	10	10	2096	0	66	66	8	
7	10	0	1	1	786	nan	2124	27.2	27.2	26.3	28.8	27.3	28.8	29	0.1	712.3	650.2	645.2	589.1	582	510.9	-3.8	42.3	0.5	184.2	181.4	-150.16	7.73	328	0	0	10	10	2094	0	66	66	8	
7	10	0	1	1	787	nan	2122	27.2	27.2	26.3	28.8	27.3	28.8	29	0.1	712.3	650.2	645.2	589.1	582	510.9	-3.8	42.3	0.5	184.2	181.4	-150.16	7.73	328	0	0	10	10	2094	0	66	66	8	
7	10	0	1	1	788	nan	2122	27.2	27.2	26.3	28.8	27.3	28.8	29	0.1	715.3	648	634	595.5	582.4	514.2	-5.1	42.3	0.5	184.2	181.4	-150.16	7.74	328	0	0	10	10	2094	0	66	66	8	
7	10	0	1	1	789	nan	2121	27.2	27	27.5	27.9	27.1	28.8	26	0.1	715.3	648	634	595.5	582.4	514.2	-5.1	43.3	0.5	184.3	181.5	-150.16	7.74	328	0	0	10	10	2094	0	66	66	8	
7	10	0	1	1	790	nan	2121	27.2	27	27.5	27.9	27.1	28.8	26	0.1	715.3	648	634	595.5	582.4	514.2	-5.1	43.3	0.5	184.3	181.5	-150.16	7.69	328	0	0	10	10	2094	0	66	66	8	
7	10	0	1	1	791	nan	2123	27.2	27	27.5	27.9	27.1	28.8	26	0.1	711.4	651.4	646	588.7	576.4	517.1	-4	43.8	0.5	184.4	181.4	-150.16	7.69	328	0	0	10	10	2094	0	66	66	8	
7	10	0	1	1	792	nan	2122	27	28.5	26.6	27.7	28.3	28	31	0.1	711.4	651.4	646	588.7	576.4	517.1	-4	43.8	0.5	184.4	181.4	-150.16	7.73	328	0	0	10	10	2094	0	66	66	8	
7	10	0	1	1	793	nan	2119	27	28.5	26.6	27.7	28.3	28	31	0.1	715.1	651.3	642.4	592.5	578.4	511.2	-3.8	44.4	0.5	184.2	181.5	-150.16	7.73	328	0	0	10	10	2094	0	66	66	8	
7	10	0	1	1	794	nan	2122	27	28.5	26.6	27.7	28.3	28	31	0.1	715.1	651.3	642.4	592.5	578.4	511.2	-3.8	44.4	0.5	184.2	181.5	-150.16	7.73	328	0	0	10	10	2094	0	66	66	8	
7	10	0	1	1	795	nan	2122	27	27.6	26.8	28.6	29.4	29.5	29.9	0.1	711.8	645.9	644.8	595.3	576.7	514.9	-4.8	44.9	0.5	184.2	181.5	-150.16	7.75	328	0	0	10	10	2094	0	66	66	8	
7	10	0	1	1	796	nan	2123	27	27.6	26.8	28.6	29.4	29.5	29.9	0.1	711.8	645.9	644.8	595.3	576.7	514.9	-4.8	44.9	0.5	184.2	181.5	-150.16	7.75	328	0	0	10	10	2094	0	66	66	8	
7	10	0	1	1	797	nan	2123	27	27.6	26.8	28.6	29.4	29.5	29.9	0.1	711.8	645.9	644.8	595.3	576.7	514.9	-4.8	44.9	0.5	184.2	181.5	-150.16	7.71	328	0	0	10	10	2094	0	66	66	8	
7	10	0	1	1	798	nan	2121	27	27.6	26.8	28.6	29.4	29.5	29.9	0.1	711.8	645.9	644.8	595.3	576.7	514.9	-4.8	45.5	0.5	184.2	181.5	-150.16	7.71	328	0	0	10	10	2094	0	66	66	8	
7	10	0	1	1	799	nan	2122	27	27.6	26.8	28.6	29.4	29.5	29.9	0.1	711.8	645.9	644.8	595.3	576.7	514.9	-4.8	45.5	0.5	184.2	181.5	-150.16	7.71	328	0	0	10	10	2094	0	66	66	8	
7	10	0	1	1	800	nan	2122	27.1	28.7	27.5	28.2	27.4	29.5	29.9	0.1	711.4	645.5	637.9	590	582.6	515	-3.4	45.6	0.5	184.4	181.5	-150.16	7.71	328	0	0	10	10	2094	0	66	66	8	
7	10	0	1	1	801	nan	2121	27.1	28.7	27.5	28.2	27.4	29.1	27.9	0.1	711.4	645.5	637.9	590	582.6	515	-3.4	45.6	0.5	184.4	181.5	-150.24	7.71	328	0	0	10	10	2094	0	66	66	8	
7	10	0	1	1	802	nan	2121	27.1	28.7	27.5	28.2	27.4	29.1	27.9	0.1	710.3	649.8	635.4	594.3	587.2	517.2	-4.5	46	0.5	184.4	181.6	-150.24	7.7	328	0	0	10	10	2094	0	66	66	8	
7	10	0	1	1	803	nan	2123	27.2	27.3	28	28.1	26.1	29.1	27.9	0.1	710.3	649.8	635.4	594.3	587.2	517.2	-4.5	46	0.5	184.4	181.6	-150.24	7.7	328	0	0	10	10	2094	0	66	66	8	
7	10	0	1	1	804	nan	2122	27.2	27.3	28	28.1	26.1	28.9	28.8	0.1	710.3	649.8	635.4	594.3	587.2	517.2	-4.5	46	0.5	184.4	181.6	-150.16	7.71	328	0	0	10	10	2094	0	66	66	8	
7	10	0	1	1	805	nan	2124	27.2	27.3	28	28.1	26.1	28.9	28.8	0.1	709.1	650.6	640.5	597.7	588.4	514.5	-4	46.5	0.5	184.4	181.6	-150.16	7.71	328	0	0	10	10	2094	0	66	66	8	
7	10	0	1	1	806	nan	2121	27.7	28	27.9	28.1	28.2	28.9	28.8	0.1	709.1	650.6	640.5	597.7	588.4	514.5	-4	46.5	0.5	184.4	181.6	-150.24	7.7	328	0	0	10	10	2094	0	66	66	8	
7	10	0	1	1	807	nan	2123	27.7	28	27.9	28.1	28.2	29.1	27.7	0.1	708.1	654.8	636	596.6	582.8	520.6	-3.5	46.9	0.5	184.4	181.6	-150.24	7.7	328	0	0	10	10	2094	0	66	66	8	
7	10	0	1	1	808	nan	2122	27.7	28	27.9	28.1	28.2	29.1	27.7	0.1	708.1	654.8	636	596.6	582.8	520.6	-3.5	46.9	0.5	184.4	181.6	-150.16	7.7	328	0	0	10	10	2094	0	66	66	8	
7	10	0	1	1	809	nan	2121	27.7	28	27.9	28.1	28.2	29.1	27.7	0.1	711.8	648.4	641.4	595.1	582.2	511.8	-3.7	47.3	0.5	184.3	181.6	-150.16	7.69	328	0	0	10	10	2094	0	66	66	8	
7	10	0	1	1	810	nan	2123	27.7	28	27.9	28.1	28.2	29.1	27.7	0.1	711.8	648.4	641.4	595.1	582.2	511.8	-3.7	47.3	0.5	184.3	181.6	-150.16	7.69	328	0	0	10	10	2094	0	66	66	8	
7	10	0	1	1	811	nan	2122	27.7	28	27.9	28.1	28.2	29.1	27.7	0.1	711.8	648.4	641.4	595.1	582.2	511.8	-3.7	47.3	0.5	184.3	181.6	-150.24	7.7	328	0	0	10	10	2094	0	66	66	8	
7	10	0	1	1	812	nan	2122	26.8	27.4	28.7	28.5	27.2	28.5	30.7	0.1	711.8	648.4	641.4	595.1	582.2	511.8	-3.7	47.4	0.5	184.3	181.6	-150.24	7.7	328	0	0	10	10	2094	0	66	66	8	
7	10	0	1	1	813	nan	2122	26.8	27.4	28.7	28.5	27.2	28.5	30.7	0.1	711.8	648.4	641.4	595.1	582.2	511.8	-3.7	47.4	0.5	184.3	181.6	-150.16	7.7	328	0	0	10	10	2094	0	66	66	8	
7	10	0	1	1	814	nan	2121	26.8	27.4	28.7	28.5	27.2	28.5	30.7	0.1	708.2	650.7	641.3	592.3	579.1	516.1	-4.7	47.7	0.5	184.3	181.6	-150.16	7.7	328	0	0	10	10	2094	0	66	66	8	
7	10	0	1	1	815	nan	2122	27.5	28.4	28.4	29.4	27	28.6	28.5	0.1	708.2	650.7	641.3	592.3	579.1	516.1	-4.7	47.7	0.5	184.3	181.6	-150.16	7.69	328	0	0	10	10	2094	0	66	66	8	
7	10	0	1	1	816	nan	2122	27.5	28.4	28.4	29.4	27	28.6	28.5	0.1	716.8	647.7	639.4	594.3	585.6	515.9	-4	47.8	0.5	184.3	181.6	-150.16	7.69	328	0	0	10	10	2094	0	66	66	8	
7	10	0	1	1	817	nan	2121	27.5	28.4	28.4	29.4	27	28.6	28.5	0.1	716.8	647.7	639.4	594.3	585.6	515.9	-4	47.8	0.5	184.3	181.6	-150.16	7.69	328	0	0	10	10	2094	0	66	66	8	
7	10	0	1	1	818	nan	2122	27.8	27.9	29.1	28.2	26.7	28.3	29.5	0.1	716.8	647.7	639.4	594.3	585.6	515.9	-4	47.8	0.5	184.3	181.6	-150.16	7.71	328	0	0	10	10	2094	0	66	66	8	
7	10	0	1	1	819	nan	2122	27.8	27.9	29.1	28.2	26.7	28.3	29.5	0.1	714.9	647.3	641.8	593.1	579.8	507.6	-4.4	47.9	0.5	184.2	181.6	-150.16	7.71	328	0	0	10	10	2094	0	66	66	8	
7	10	0	1	1	820	nan	2122	27.8	27.9	29.1	28.2	26.7	28.3	29.5	0.1	714.9	647.3	641.8	593.1	579.8	507.6	-4.4	47.9	0.5	184.2	181.6	-150.16	7.66	328	0	0	10	10	2094	0	66	66	8	
7	10	0	1	1	821	nan	2121	27.8	27.9	29.1	28.2	26.7	28.3	29.5	0.1	707.8	647.9	645.7	595.5	590.6	517.8	-4.5	47.9	0.5	184.3	181.7	-150.16	7.66	328	0	0	10	10	2094	0	66	66	8	
7	10	0	1	1	822	nan	2121	27.8	27.9	29.1	28.2	26.7	28.3	29.5	0.1	707.8	647.9	645.7	595.5	590.6	517.8	-4.5	47.9	0.5	184.3	181.7	-150.24	7.7	328	0	0	10	10	2094	0	66	66	8	
7	10	0	1	1	823	nan	2122	27.7	28.3	27	28.3	27.5	28.3	29.5	0.1	712	648.2	644.6	591.1	587.3	513	-4.3	47.9	0.5	184.3	181.7	-150.24	7.7	328	0	0	10	10	2094	0	66	66	8	
7	10	0	1	1	824	nan	2121	27.7	28.3	27	28.3	27.5	27.6	30.8	0.1	712	648.2	644.6	591.1	587.3	513	-4.3	47.9	0.5	184.3	181.7	-150.24	7.7	328	0	0	10	10	2094	0	66	66	8	
7	10	0	1	1	825	nan	2121	27.7	28.3	27	28.3	27.5	27.6	30.8	0.1	712	648.2	644.6	591.1	587.3	513	-4.3	47.9	0.5	184.3	181.7	-150.16	7.66	328	0	0	10	10	2094	0	66	66	8	
7	10	0	1	1	826	nan	2122	27.5	28.6	29	28.6	29.5	29	29.9	0.1	715.4	649.4	641.1	588.8	579.1	514.2	-5	48.2	0.5	184.3	181.7	-150.16	7.66	328	0	0	10	10	2094	0	66	66	8	
7	10	0	1	1	827	nan	2122	27.5	28.6	29	28.6	29.5	29	29.9	0.1	715.4	649.4	641.1	588.8	579.1	514.2	-5	48.2	0.5	184.3	181.7	-150.16	7.69	328	0	0	10	10	2094	0	66	66	8	
7	10	0	1	1	828	nan	2123	27.5	28.6	29	28.6	29.5	29	29.9	0.1	717.3	651.8	639.2	592.6	582	517.2	-4.3	48.2	0.5	184.3	181.6	-150.16	7.69	328	0	0	10	10	2094	0	66	66	8	
7	10	0	1	1	829	nan	2123	27.8	28.2	27.4	29.3	28.2	29	29.9	0.1	717.3	651.8	639.2	592.6	582	517.2	-4.3	48.2	0.5	184.3	181.6	-150.16	7.7	328	0	0	10	10	2094	0	66	66	8	
7	10	0	1	1	830	nan	2123	27.8	28.2	27.4	29.3	28.2	29	29.6	0.1	717.3	648.6	640.8	596.1	585.7	516.1	-4.2	48.3	0.5	184.4	181.7	-150.16	7.7	328	0	0	10	10	2094	0	66	66	8	
7	10	0	1	1	831	nan	2123	27.8	28.2	27.4	29.3	28.2	29	29.6	0.1	717.3	648.6	640.8	596.1	585.7	516.1	-4.2	48.3	0.5	184.4	181.7	-150.16	7.7	328	0	0	10	10	2094	0	66	66	8	
7	10	0	1	1	832	nan	2122	27.6	27.6	27.4	29	28.5	29	29.6	0.1	717.3	648.6	640.8	596.1	585.7	516.1	-4.2	48.3	0.5	184.4	181.7	-150.16	7.71	328	0	0	10	10	2094	0	66	66	8	
7	10	0	1	1	833	nan	2122	27.6	27.6	27.4	29	28.5	28.6	30.2	0.1	717	650.2	642	589.2	577.2	512	-4.8	48.4	0.5	184.5	181.8	-150.16	7.71	328	0	0	10	10	2094	0	66	66	8	
7	10	0	1	1	834	nan	2122	27.6	27.6	27.4	29	28.5	28.6	30.2	0.1	717	650.2	642	589.2	577.2	512	-4.8	48.4	0.5	184.5	181.8	-150.16	7.69	328	0	0	10	10	2094	0	66	66	8	
7	10	0	1	1	835	nan	2121	27.6	27.6	27.4	29	28.5	28.6	30.2	0.1	717.9	653.3	644.7	596.3	579.6	522.4	-4.7	48.4	0.5	184.7	181.7	-150.16	7.69	328	0	0	10	10	2094	0	67.3	66	8	
7	10	0	1	1	836	nan	2122	27.8	29.4	29.3	29	27.6	29.2	29.9	0.1	717.9	653.3	644.7	596.3	579.6	522.4	-4.7	48.4	0.5	184.7	181.7	-150.16	7.74	328	0	0	10	10	2094	0	67.3	67.3	8	
7	10	0	1	1	837	nan	2121	27.8	29.4	29.3	29	27.6	29.2	29.9	0.1	733.6	660.4	654.7	606.1	608.4	539.6	-3.8	48.4	0.5	178.5	182.1	-150.16	7.74	328	0	0	10	10	2094	0	67.3	67.3	8	
7	10	0	1	1	838	nan	2120	27.8	29.4	29.3	29	27.6	29.2	29.9	0.1	733.6	660.4	654.7	606.1	608.4	539.6	-3.8	48.4	0.5	178.5	182.1	-150.16	7.74	328	0	0	10	10	2094	0	67.3	67.3	8	
7	10	0	1	1	839	nan	2121	27.6	29.1	27.8	29	27.8	30	30.1	0.1	733.6	660.4	654.7	606.1	608.4	539.6	-3.8	48.4	0.5	178.5	182.1	-150.16	7.87	328	0	0	10	10	2094	0	67.3	67.3	8	
7	10	0	1	1	840	nan	2119	27.6	29.1	27.8	29	27.8	30	30.1	0.1	737.5	678.8	674.3	628.3	612.2	549.4	-4.8	49.2	2	178	176.7	-150.16	7.87	328	0	0	10	10	2094	0	67.3	67.3	8	
7	10	0	1	1	841	nan	2120	27.6	29.1	27.8	29	27.8	30	30.1	0.1	737.5	678.8	674.3	628.3	612.2	549.4	-4.8	49.2	2	178	176.7	-150.16	7.88	328	0	0	10	10	2094	0	67.3	67.3	8	
7	10	0	1	1	842	nan	2120	27.6	28	27.4	29.6	29.1	30.1	28	0.1	737.5	678.8	674.3	628.3	612.2	549.4	-4.8	50.2	1.9	177.5	176.3	-150.16	7.88	328	0	0	10	10	2094	0	67.3	67.3	8	
7	10	0	1	1	843	nan	2120	27.6	28	27.4	29.6	29.1	30.1	28	0.1	737.5	678.8	674.3	628.3	612.2	549.4	-4.8	50.2	1.9	177.5	176.3	-150.24	7.88	328	0	0	10	10	2094	0	67.3	67.3	8	
7	10	0	1	1	844	nan	2121	27.6	28	27.4	29.6	29.1	30.1	28	0.1	735.2	676.5	675.7	631.6	611.4	553.8	-4.9	51	1.9	177.3	175.8	-150.24	7.88	328	0	0	10	10	2094	0	67.3	67.3	8	
7	10	0	1	1	845	nan	2122	27.6	28	27.4	29.6	29.1	30.1	28	0.1	735.2	676.5	675.7	631.6	611.4	553.8	-4.9	51	1.9	177.3	175.8	-150.24	7.88	328	0	0	10	10	2094	0	67.3	67.3	8	
7	10	0	1	1	846	nan	2121	27.6	28	27.4	29.6	29.1	30.1	28	0.1	735.2	676.5	675.7	631.6	611.4	553.8	-4.9	51	1.9	177.3	175.8	-150.16	7.88	328	0	0	10	10	2094	0	67.3	67.3	8	
7	10	0	1	1	847	nan	2120	27.9	28.9	28.6	28.8	27.2	29.1	29	0.1	735.2	676.5	675.7	631.6	611.4	553.8	-4.9	51.8	2	177.4	175.8	-150.16	7.88	328	0	0	10	10	2094	0	67.3	67.3	8	
7	10	0	1	1	848	nan	2121	27.9	28.9	28.6	28.8	27.2	29.1	29	0.1	735.2	676.5	675.7	631.6	611.4	553.8	-4.9	51.8	2	177.4	175.8	-150.16	7.91	328	0	0	10	10	2094	0	67.3	67.5	8	
7	10	0	1	1	849	nan	2121	27.9	28.9	28.6	28.8	27.2	29.1	29	0.1	737.5	679	674.3	627.9	611.7	558.5	-4.6	52.4	2	177.3	175.8	-150.16	7.91	328	0	0	10	10	2094	0	67.5	67.5	8	
7	10	0	1	1	850	nan	2120	27.6	27.9	28.5	28.9	29.8	29.1	29	0.1	737.5	679	674.3	627.9	611.7	558.5	-4.6	52.4	2	177.3	175.8	-150.16	7.9	328	0	0	10	10	2094	0	67.5	67.5	8	
7	10	0	1	1	851	nan	2120	27.6	27.9	28.5	28.9	29.8	29.2	30.3	0.1	737.9	678.9	672.2	628.6	616.7	553.8	-4	53.2	2	177.3	175.8	-150.16	7.9	328	0	0	10	10	2094	0	67.5	67.5	8	
7	10	0	1	1	852	nan	2120	27.6	27.9	28.5	28.9	29.8	29.2	30.3	0.1	737.9	678.9	672.2	628.6	616.7	553.8	-4	53.2	2	177.3	175.8	-150.16	7.9	328	0	0	10	10	2094	0	67.5	67.5	8	
7	10	0	1	1	853	nan	2120	27.6	29	28.6	29.4	28.5	28.6	30.9	0.1	737.3	685.8	678.2	631.8	618	552	-4.6	53.2	2	177.3	175.8	-150.16	7.92	328	0	0	10	10	2094	0	67.5	67.5	8	
7	10	0	1	1	854	nan	2120	27.6	29	28.6	29.4	28.5	28.6	30.9	0.1	737.3	685.8	678.2	631.8	618	552	-4.6	53.2	2.1	176.4	175.6	-150.16	7.92	328	0	0	10	10	2094	0	67.5	67.5	8	
7	10	0	1	1	855	nan	2121	27.6	29	28.6	29.4	28.5	28.6	30.9	0.1	737.3	685.8	678.2	631.8	618	552	-4.6	53.2	2.1	176.4	175.6	-150.16	7.93	328	0	0	10	10	2094	0	67.5	67.5	8	
7	10	0	1	1	856	nan	2120	27.6	29	28.6	29.4	28.5	28.6	30.9	0.1	741.6	681.4	677.7	635.5	618.7	562.6	-3.2	54.1	2.3	176.5	175.8	-150.16	7.93	328	0	0	10	10	2094	0	67.5	67.5	8	
7	10	0	1	1	857	nan	2120	27.6	29	28.6	29.4	28.5	28.6	30.9	0.1	741.6	681.4	677.7	635.5	618.7	562.6	-3.2	54.1	2.3	176.5	175.8	-150.16	7.95	328	0	0	10	10	2094	0	67.5	67.5	8	
7	10	0	1	1	858	nan	2122	27.8	29	28.2	28.4	27.7	28.6	30.9	0.1	742.5	683.4	676.7	629.3	620.3	557.2	-3.4	54.6	2.3	176.3	175.8	-150.16	7.95	328	0	0	10	10	2094	0	67.5	67.5	8	
7	10	0	1	1	859	nan	2119	27.8	29	28.2	28.4	27.7	30	29.6	0.1	742.5	683.4	676.7	629.3	620.3	557.2	-3.4	54.6	2.3	176.3	175.8	-150.16	7.95	328	0	0	10	10	2094	0	67.5	67.5	8	
7	10	0	1	1	860	nan	2121	27.8	29	28.2	28.4	27.7	30	29.6	0.1	741.7	682.7	675	630.3	620.9	554.9	-4.9	54.6	2.3	176.3	175.8	-150.16	7.97	328	0	0	10	10	2094	0	67.5	67.5	8	
7	10	0	1	1	861	nan	2119	27.7	29.4	28.1	29.4	27.7	30	29.6	0.1	741.7	682.7	675	630.3	620.9	554.9	-4.9	55.3	2.4	176.2	175.8	-150.16	7.97	328	0	0	10	10	2094	0	67.5	67.5	8	
7	10	0	1	1	862	nan	2120	27.7	29.4	28.1	29.4	27.7	30.3	31.1	0.1	741.7	682.7	675	630.3	620.9	554.9	-4.9	55.3	2.4	176.2	175.8	-150.16	7.98	328	0	0	10	10	2094	0	67.5	67.5	8	
7	10	0	1	1	863	nan	2120	27.7	29.4	28.1	29.4	27.7	30.3	31.1	0.1	739.8	676.2	675.5	630.2	621.8	556.1	-4.3	55.4	2.4	176.2	175.8	-150.16	7.98	328	0	0	10	10	2094	0	67.5	67.5	8	
7	10	0	1	1	864	nan	2119	28.1	28.6	28	29.2	27.8	30.3	31.1	0.1	739.8	676.2	675.5	630.2	621.8	556.1	-4.3	55.4	2.4	176.2	175.8	-150.16	7.97	328	0	0	10	10	2094	0	67.5	67.5	8	
7	10	0	1	1	865	nan	2121	28.1	28.6	28	29.2	27.8	31	29.6	0.1	744.4	683.1	671.6	628.3	625.2	563.9	-3.7	56	2.4	176.3	175.9	-150.16	7.97	328	0	0	10	10	2094	0	67.5	67.5	8	
7	10	0	1	1	866	nan	2120	28.1	28.6	28	29.2	27.8	31	29.6	0.1	744.4	683.1	671.6	628.3	625.2	563.9	-3.7	56	2.4	176.3	175.9	-150.16	7.97	328	0	0	10	10	2094	0	67.5	67.7	8	
7	10	0	1	1	867	nan	2121	28	28.8	28.6	29.1	28.7	31	29.6	0.1	746.5	689.5	679.9	636.5	629	565.7	-3.4	56	2.4	176.3	175.9	-150.16	8	328	0	0	10	10	2094	0	67.7	67.7	8	
7	10	0	1	1	928	nan	2119	28.7	28.8	30.1	29.7	28.1	30.8	29.6	0.1	750.1	691.7	681.9	637.2	630.8	565	-3.6	60.2	4.5	173.8	173.8	-150.16	8.11	328	0	0	10	10	2094	0	67.7	67.7	8	
7	10	0	1	1	929	nan	2119	28.7	28.8	30.1	29.7	28.1	30.8	29.6	0.1	750.1	691.7	681.9	637.2	630.8	565	-3.6	60.2	4.5	173.8	173.8	-150.16	8.14	328	0	0	10	10	2094	0	67.7	67.7	8	
7	10	0	1	1	930	nan	2120	28.7	28.8	30.1	29.7	28.1	30.8	29.6	0.1	751.3	696.2	684.1	636.9	633.8	565.4	-3.9	60.2	4.5	173.9	173.8	-150.16	8.14	328	0	0	10	10	2094	0	67.7	67.7	8	
7	10	0	1	1	931	nan	2120	28.7	28.8	30.1	29.7	28.1	30.8	29.6	0.1	751.3	696.2	684.1	636.9	633.8	565.4	-3.9	60.2	4.5	173.9	173.8	-150.16	8.14	328	0	0	10	10	2094	0	67.7	67.7	8	
7	10	0	1	1	932	nan	2119	28.8	30	28.7	29.4	30.4	30.8	29.6	0.1	751.3	696.2	684.1	636.9	633.8	565.4	-3.9	60.2	4.5	173.9	173.8	-150.16	8.11	328	0	0	10	10	2094	0	67.7	67.7	8	
7	10	0	1	1	933	nan	2120	28.8	30	28.7	29.4	30.4	29.5	31.9	0.1	750.2	691.3	680.2	644.3	631.7	564.3	-3.7	57.7	4.5	173.7	173.9	-150.16	8.11	328	0	0	10	10	2094	0	67.7	67.7	8	
7	10	0	1	1	934	nan	2119	28.8	30	28.7	29.4	30.4	29.5	31.9	0.1	750.2	691.3	680.2	644.3	631.7	564.3	-3.7	57.7	4.5	173.7	173.9	-150.16	8.13	328	0	0	10	10	2094	0	67.7	67.7	8	
7	10	0	1	1	935	nan	2119	28.5	30.5	28.3	30.3	29.6	29.5	31.9	0.1	750.8	688.4	687.1	641.6	632.5	568.6	-3.7	57.5	4.6	173.8	173.8	-150.16	8.13	328	0	0	10	10	2094	0	67.7	67.7	8	
7	10	0	1	1	936	nan	2119	28.5	30.5	28.3	30.3	29.6	29.9	30.5	0.1	750.8	688.4	687.1	641.6	632.5	568.6	-3.7	57.5	4.6	173.8	173.8	-150.16	8.13	328	0	0	10	10	2094	0	67.7	67.7	8	
7	10	0	1	1	937	nan	2119	28.5	30.5	28.3	30.3	29.6	29.9	30.5	0.1	750.8	688.4	687.1	641.6	632.5	568.6	-3.7	57.4	4.6	173.9	173.9	-150.16	8.13	328	0	0	10	10	2094	0	67.7	67.7	8	
7	10	0	1	1	938	nan	2122	28.6	29.7	30	29.6	29.3	29.9	30.5	0.1	750.8	688.4	687.1	641.6	632.5	568.6	-3.7	57.4	4.6	173.9	173.9	-150.16	8.13	328	0	0	10	10	2096	0	68	67.7	8	
7	10	0	1	1	939	nan	2123	28.6	29.7	30	29.6	29.3	30.8	30.5	0.1	745.8	692.4	688.2	642.4	630.4	568	-4.5	57.4	4.6	173.9	173.9	-150.16	8.14	328	0	0	10	10	2096	0	68	68	8	
7	10	0	1	1	940	nan	2121	28.6	29.7	30	29.6	29.3	30.8	30.5	0.1	745.8	692.4	688.2	642.4	630.4	568	-4.5	57.3	4.5	174	174.1	-150.16	8.14	328	0	0	10	10	2096	0	68	68	8	
7	10	0	1	1	941	nan	2121	28.6	29.7	30	29.6	29.3	30.8	30.5	0.1	745.8	692.4	688.2	642.4	630.4	568	-4.5	57.3	4.5	174	174.1	-150.16	8.15	328	0	0	10	10	2096	0	68	68	8	
7	10	0	1	1	942	nan	2120	28.6	29.7	30	29.6	29.3	30.8	30.5	0.1	758.4	699	685.2	643.5	634	575.5	-4.4	57.2	4.6	174.1	173.8	-150.16	8.15	328	0	0	10	10	2096	0	68	68	8	
7	10	0	1	1	943	nan	2121	28.6	29.7	30	29.6	29.3	30.8	30.5	0.1	758.4	699	685.2	643.5	634	575.5	-4.4	57.2	4.6	174.1	173.8	-150.16	8.18	328	0	0	10	10	2096	0	68	68	8	
7	10	0	1	1	944	nan	2121	28.7	29.3	28.9	30.3	28.7	30.2	32.4	0.1	755.8	697.6	692.6	642.6	635.9	580.7	-3.9	57.3	5.2	174.1	171.9	-150.16	8.18	328	0	0	10	10	2096	0	68	68	8	
7	10	0	1	1	945	nan	2121	28.7	29.3	28.9	30.3	28.7	30.2	32.4	0.1	755.8	697.6	692.6	642.6	635.9	580.7	-3.9	57.3	5.2	174.1	171.9	-150.16	8.18	328	0	0	10	10	2096	0	68	68	8	
7	10	0	1	1	946	nan	2122	28.5	29.5	29.7	29.6	29.8	30.2	32.4	0.1	754.5	694.1	693.2	646.4	640.4	577.9	-3.8	57.3	5.2	174.1	171.9	-150.24	8.19	328	0	0	10	10	2096	0	68	68	8	
7	10	0	1	1	947	nan	2121	28.5	29.5	29.7	29.6	29.8	31	31.5	0.1	754.5	694.1	693.2	646.4	640.4	577.9	-3.8	57.5	5.2	174.3	171.7	-150.24	8.19	328	0	0	10	10	2096	0	68	68	8	
7	10	0	1	1	948	nan	2121	28.5	29.5	29.7	29.6	29.8	31	31.5	0.1	754.5	694.1	693.2	646.4	640.4	577.9	-3.8	57.5	5.2	174.3	171.7	-150.16	8.18	328	0	0	10	10	2096	0	68	68	8	
7	10	0	1	1	949	nan	2123	28.5	29.5	29.7	29.6	29.8	31	31.5	0.1	755	698.6	687.1	652	640.1	579.6	-4.5	57.8	5.2	174.4	171.6	-150.16	8.18	328	0	0	10	10	2096	0	68	68	8	
7	10	0	1	1	950	nan	2123	28.9	28.8	29	30.4	29.4	29.3	31.5	0.1	755	698.6	687.1	652	640.1	579.6	-4.5	57.8	5.2	174.4	171.6	-150.16	8.18	328	0	0	10	10	2096	0	68	68	8	
7	10	0	1	1	951	nan	2122	28.9	28.8	29	30.4	29.4	29.3	31.5	0.1	755	698.6	687.1	652	640.1	579.6	-4.5	57.8	5.2	174.4	171.5	-150.16	8.18	328	0	0	10	10	2096	0	69	69	8	
7	10	0	1	1	952	nan	2122	28.9	28.8	29	30.4	29.4	29.3	31.5	0.1	755	698.6	687.1	652	640.1	579.6	-4.5	57.8	5.2	174.4	171.5	-150.16	8.18	328	0	0	10	10	2096	0	69	69	8	
7	10	0	1	1	953	nan	2121	28.9	28.8	29	30.4	29.4	29.3	31.5	0.1	769.2	709.7	717.3	662.5	651.3	596.2	-3.9	57.8	5.2	174.4	171.5	-150.16	8.27	328	0	0	10	10	2096	0	69	69	8	
7	10	0	1	1	954	nan	2121	28.9	28.8	29	30.4	29.4	29.3	31.5	0.1	769.2	709.7	717.3	662.5	651.3	596.2	-3.9	57.9	5.7	171.9	167.7	-150.16	8.27	328	0	0	10	10	2096	0	69	69	8	
7	10	0	1	1	955	nan	2121	28.9	30.6	29.8	29.5	28.2	30.6	30.5	0.1	769.2	709.7	717.3	662.5	651.3	596.2	-3.9	57.9	5.7	171.9	167.7	-150.16	8.35	328	0	0	10	10	2096	0	69	69	8	
7	10	0	1	1	956	nan	2121	28.9	30.6	29.8	29.5	28.2	30.6	30.5	0.1	769.2	719.9	715.4	663.6	658.2	605.4	-4.1	58.6	9	166.4	167.7	-150.16	8.35	328	0	0	10	10	2096	0	69	69	8	
7	10	0	1	1	957	nan	2121	28.9	30.6	29.8	29.5	28.2	30.6	30.5	0.1	769.2	719.9	715.4	663.6	658.2	605.4	-4.1	58.6	9	166.4	167.7	-150.16	8.34	328	0	0	10	10	2096	0	69	69	8	
7	10	0	1	1	958	nan	2121	28.8	29.9	29.4	30	29.3	30.7	30.9	0.1	767.2	716	686.3	661.5	665.9	602	-4.4	59.3	10.1	166	167.6	-150.16	8.34	328	0	0	10	10	2096	0	69	69	8	
7	10	0	1	1	959	nan	2122	28.8	29.9	29.4	30	29.3	30.7	30.9	0.1	767.2	716	686.3	661.5	665.9	602	-4.4	59.3	10.1	166	167.6	-150.16	8.34	328	0	0	10	10	2096	0	69.5	69.5	8	
7	10	0	1	1	1020	nan	2118	29.4	30.4	30	30.4	29.8	30.5	31.1	0.1	805	758.6	746.2	724.8	690.9	669.2	-4.7	79.4	19.1	165.8	148.3	-150.16	9.04	328	0	0	10	10	2096	0	69.5	72	8	
7	10	0	1	1	1021	nan	2117	29.4	30.4	30	30.4	29.8	30.5	31.1	0.1	805.4	758.9	749.8	718.1	698.9	670.4	-4.3	79	19.1	165.7	148.3	-150.16	9.04	328	0	0	10	10	2096	0	69.5	72	8	
7	10	0	1	1	1022	nan	2119	29.4	30.6	29.8	31	29.2	31.4	30.2	0.1	805.4	758.9	749.8	718.1	698.9	670.4	-4.3	79	19.1	165.7	148.3	-150.16	9.02	328	0	0	10	10	2096	0	69.5	72	8	
7	10	0	1	1	1023	nan	2119	29.4	30.6	29.8	31	29.2	31.4	30.2	0.1	805.4	758.9	749.8	718.1	698.9	670.4	-4.3	79	18.3	165.7	148.2	-150.16	9.02	328	0	0	10	10	2096	0	69.5	72	8	
7	10	0	1	1	1024	nan	2117	29.4	30.6	29.8	31	29.2	31.4	30.2	0.1	805.4	758.9	749.8	718.1	698.9	670.4	-4.3	79	18.3	165.7	148.2	-150.16	9.02	328	0	0	10	10	2096	0	69.5	72	8	
7	10	0	1	1	1025	nan	2117	29.4	30.6	29.8	31	29.2	31.4	30.2	0.1	805.4	758.9	749.8	718.1	698.9	670.4	-4.3	79	18.3	165.7	148.2	-150.24	9.01	328	0	0	10	10	2096	0	69.5	72	8	
7	10	0	1	1	1026	nan	2119	29.4	30.6	29.8	31	29.2	31.4	30.2	0.1	804.8	762.3	743.9	724.8	691	666.3	-4.7	79	18.3	165.9	148.3	-150.24	9.01	328	0	0	10	10	2096	0	69.5	72	8	
7	10	0	1	1	1027	nan	2119	29.5	31.2	30.4	31	30.3	31.4	30.2	0.1	804.8	762.3	743.9	724.8	691	666.3	-4.7	79	18.3	165.9	148.3	-150.16	9.06	328	0	0	10	10	2096	0	69.5	72	8	
7	10	0	1	1	1028	nan	2117	29.5	31.2	30.4	31	30.3	31.5	31.4	0.1	804.5	760.9	746.5	722.8	697	674.6	-4	79	18.3	165.9	148.3	-150.16	9.06	328	0	0	10	10	2096	0	69.5	72	8	
7	10	0	1	1	1029	nan	2117	29.5	31.2	30.4	31	30.3	31.5	31.4	0.1	804.5	760.9	746.5	722.8	697	674.6	-4	79	18.3	165.9	148.3	-150.16	9.05	328	0	0	10	10	2096	0	69.5	72	8	
7	10	0	1	1	1030	nan	2117	29.3	31.2	30	30.7	30.3	31.5	31.4	0.1	804.4	765.8	746.7	727	692.1	666	-4.6	79.1	18.2	166	148.2	-150.16	9.05	328	0	0	10	10	2096	0	69.5	72	8	
7	10	0	1	1	1031	nan	2118	29.3	31.2	30	30.7	30.3	31.3	32.1	0.1	804.4	765.8	746.7	727	692.1	666	-4.6	79.1	18.2	166	148.2	-150.16	9.05	328	0	0	10	10	2096	0	69.5	72	8	
7	10	0	1	1	1032	nan	2118	29.3	31.2	30	30.7	30.3	31.3	32.1	0.1	806.2	762.5	744.6	724.8	699.2	676.2	-3.9	79.1	18.2	166	148.2	-150.08	9.07	328	0	0	10	10	2096	0	69.5	72	8	
7	10	0	1	1	1033	nan	2117	29.6	29.6	30	31.2	30.6	31.3	32.1	0.1	806.2	762.5	744.6	724.8	699.2	676.2	-3.9	79	18.3	165.9	148.3	-150.08	9.07	328	0	0	10	10	2096	0	69.5	72	8	
7	10	0	1	1	1034	nan	2118	29.6	29.6	30	31.2	30.6	31	32.3	0.1	806.2	762.5	744.6	724.8	699.2	676.2	-3.9	79	18.3	165.9	148.3	-150.16	9.08	328	0	0	10	10	2096	0	69.5	72	8	
7	10	0	1	1	1035	nan	2117	29.6	29.6	30	31.2	30.6	31	32.3	0.1	797.5	762.9	741	728.4	701.2	669.2	-4	78.7	18.4	165.9	148.3	-150.16	9.08	328	0	0	10	10	2096	0	69.5	72	8	
7	10	0	1	1	1036	nan	2119	29.6	29.6	30	31.2	30.6	31	32.3	0.1	797.5	762.9	741	728.4	701.2	669.2	-4	78.7	18.4	165.9	148.3	-150.16	9.08	328	0	0	10	10	2096	0	69.5	72	8	
7	10	0	1	1	1037	nan	2119	29.6	29.6	30	31.2	30.6	31	32.3	0.1	807.1	762.2	745.2	714.1	685.7	674.5	-4.8	78.6	17.8	166	148.3	-150.16	9.08	328	0	0	10	10	2096	0	69.5	72	8	
7	10	0	1	1	1038	nan	2116	29.6	29.6	30	31.2	30.6	31	32.3	0.1	807.1	762.2	745.2	714.1	685.7	674.5	-4.8	78.6	17.8	166	148.3	-150.16	9.08	328	0	0	10	10	2096	0	69.5	72	8	
7	10	0	1	1	1039	nan	2117	29.7	32.3	30.1	31.1	29.8	31.2	31.9	0.1	807.1	762.2	745.2	714.1	685.7	674.5	-4.8	78.6	17.8	166	148.3	-150.16	9.09	328	0	0	10	10	2096	0	69.5	72	8	
7	10	0	1	1	1040	nan	2116	29.7	32.3	30.1	31.1	29.8	31.2	31.9	0.1	807.1	762.2	745.2	714.1	685.7	674.5	-4.8	78.5	17.8	166	148.2	-150.16	9.09	328	0	0	10	10	2096	0	69.5	72	8	
7	10	0	1	1	1041	nan	2117	29.7	32.3	30.1	31.1	29.8	31.2	31.9	0.1	807.1	762.2	745.2	714.1	685.7	674.5	-4.8	78.5	17.8	166	148.2	-150.16	9.07	328	0	0	10	10	2096	0	69.5	72	8	
7	10	0	1	1	1042	nan	2117	30	29.9	31	30.5	29	30.5	31.9	0.1	805.7	764.7	752	725.4	700	662.8	-4.7	78.5	17.8	165.8	148.3	-150.16	9.07	328	0	0	10	10	2096	0	69.5	72	8	
7	10	0	1	1	1043	nan	2117	30	29.9	31	30.5	29	30.5	31.9	0.1	805.7	764.7	752	725.4	700	662.8	-4.7	78.5	17.8	165.8	148.3	-150.16	9.13	329	0	0	10	10	2096	0	69.5	72	8	
7	10	0	1	1	1044	nan	2120	30	29.9	31	30.5	29	30.5	31.9	0.1	804.6	765.3	739.5	727.9	699.5	670.7	-3.9	78.6	18.1	165.8	148.4	-150.16	9.13	329	0	0	10	10	2096	0	69.5	72	8	
7	10	0	1	1	1045	nan	2119	29.7	29	28.7	30.8	30.4	30.5	31.9	0.1	804.6	765.3	739.5	727.9	699.5	670.7	-3.9	78.6	18.1	165.8	148.4	-150.16	9.13	329	0	0	10	10	2096	0	69.5	72	8	
7	10	0	1	1	1046	nan	2119	29.7	29	28.7	30.8	30.4	32.5	32.7	0.1	809.1	763.9	748.7	720.8	693.9	671.3	-4.7	78.6	18.1	165.8	148.4	-150.16	9.1	329	0	0	10	10	2096	0	69.5	72	8	
7	10	0	1	1	1047	nan	2119	29.7	29	28.7	30.8	30.4	32.5	32.7	0.1	809.1	763.9	748.7	720.8	693.9	671.3	-4.7	78.7	18.1	166	148.4	-150.16	9.1	329	0	0	10	10	2096	0	69.5	72	8	
7	10	0	1	1	1048	nan	2119	29.7	29	28.7	30.8	30.4	32.5	32.7	0.1	809.1	763.9	748.7	720.8	693.9	671.3	-4.7	78.7	18.1	166	148.4	-150.16	9.1	329	0	0	10	10	2096	0	69.5	72	8	
7	10	0	1	1	1049	nan	2118	29.7	29	28.7	30.8	30.4	32.5	32.7	0.1	804.4	768.3	750.7	723.3	699.1	673.1	-4.5	78.6	18.1	166.1	148.5	-150.16	9.1	329	0	0	10	10	2096	0	69.5	72	8	
7	10	0	1	1	1050	nan	2116	29.8	30.4	31.1	30.4	30.9	32.5	32.7	0.1	804.4	768.3	750.7	723.3	699.1	673.1	-4.5	78.6	18.1	166.1	148.5	-150.16	9.11	329	0	0	10	10	2096	0	69.5	72	8	
7	10	0	1	1	1051	nan	2117	29.8	30.4	31.1	30.4	30.9	30.7	33.3	0.1	805.1	765.7	746.3	716.2	699.7	670	-3.8	78.5	18.1	166.2	148.3	-150.16	9.11	329	0	0	10	10	2096	0	69.5	72	8	
7	10	0	1	1	1052	nan	2118	29.8	30.4	31.1	30.4	30.9	30.7	33.3	0.1	805.1	765.7	746.3	716.2	699.7	670	-3.8	78.5	18.1	166.2	148.3	-150.16	9.11	329	0	0	10	10	2096	0	69.5	72	8	
7	10	0	1	1	1053	nan	2117	29.6	30.4	30.6	31.2	29.2	30.7	33.3	0.1	805.1	765.7	746.3	716.2	699.7	670	-3.8	78.5	18.1	166.2	148.3	-150.16	9.11	329	0	0	10	10	2096	0	69.5	72	8	
7	10	0	1	1	1054	nan	2119	29.6	30.4	30.6	31.2	29.2	31.5	30.7	0.1	805.1	765.7	746.3	716.2	699.7	670	-3.8	78.5	18.1	166.2	148.4	-150.16	9.11	329	0	0	10	10	2096	0	69.5	72	8	
7	10	0	1	1	1055	nan	2119	29.6	30.4	30.6	31.2	29.2	31.5	30.7	0.1	805.1	765.7	746.3	716.2	699.7	670	-3.8	78.5	18.1	166.2	148.4	-150.16	9.16	329	0	0	10	10	2096	0	69.5	72	8	
7	10	0	1	1	1056	nan	2116	29.6	30.4	30.6	31.2	29.2	31.5	30.7	0.1	805.2	759.5	747.5	724.3	698.3	675.5	-4	78.2	18.2	166.2	148.5	-150.16	9.16	329	0	0	10	10	2096	0	69.5	72	8	
7	10	0	1	1	1057	nan	2116	30.2	30.6	30.2	31.3	30.8	30.8	32	0.1	805.2	759.5	747.5	724.3	698.3	675.5	-4	78.2	18.2	166.2	148.5	-150.24	9.1	329	0	0	10	10	2096	0	69.5	72	8	
7	10	0	1	1	1058	nan	2116	30.2	30.6	30.2	31.3	30.8	30.8	32	0.1	810.2	764.6	743.5	725.4	695	672.8	-4.2	78.2	18.2	166.1	148.4	-150.24	9.1	329	0	0	10	10	2096	0	69.5	72	8	
7	10	0	1	1	1059	nan	2062	30.2	30.6	30.2	31.3	30.8	30.8	32	0.1	810.2	764.6	743.5	725.4	695	672.8	-4.2	78.2	18.2	166.1	148.4	-150.16	9.1	329	0	0	10	10	2096	0	69.5	72	8	
7	10	0	1	1	1060	nan	1352	30.2	30.6	30.2	31.3	30.8	30.8	32	0.1	760.6	699.8	654.6	618.1	581.5	536.9	-3.6	78.2	18.2	166.1	148.4	-150.16	9.19	329	0	0	10	10	2096	0	69.5	72	8	
7	10	0	1	1	1061	nan	737	30.2	30.6	30.2	31.3	30.8	30.8	32	0.1	760.6	699.8	654.6	618.1	581.5	536.9	-3.6	78.2	14.2	166	148.1	-150.16	9.19	329	0	0	10	10	2096	0	69.5	72	8	
7	10	0	1	1	1062	nan	106	30.2	30.5	30.2	30.8	30.6	30.8	32	0.1	760.6	699.8	654.6	618.1	581.5	536.9	-3.6	78.2	14.2	166	148.1	-150.16	1.03	329	0	0	10	10	2096	0	69.5	72	8	
7	10	0	1	1	1063	nan	80	30.2	30.5	30.2	30.8	30.6	31.4	32.3	0.1	-0.5	-0.4	60.1	54.9	29.3	18.1	-0.5	72.7	0.5	40.7	83.2	-150.16	1.03	329	0	0	10	10	2096	0	69.5	72	8	
7	10	0	1	1	1064	nan	0	30.2	30.5	30.2	30.8	30.6	31.4	32.3	0.1	-0.5	-0.4	60.1	54.9	29.3	18.1	-0.5	72.7	0.5	40.7	83.2	-150.16	0	329	0	0	10	10	2096	0	69.5	72	8	
7	10	0	1	1	1065	nan	0	30	31	30.7	31.3	31.2	31.4	32.3	0.1	5.3	4.1	0	2	2.5	3	-0.5	58.1	0.5	4.1	3.4	-150.16	0	329	0	0	10	10	2096	0	69.5	72	8	
